4101
160
521
6798
3178
305
4255
7507
319
6346
5359
1366
5994
8379
3068
5666
6300
21
1088
6842
5091
2882
2540
4000
877
6464
6026
8262
2709
8287
5654
7919
6151
51
6458
809
1130
7382
6187
4862
8906
8949
7871
6631
6087
6698
3839
5453
8462
5817
3910
601
296
6327
5027
1309
2722
10
1381
4434
8146
8178
8228
1113
8344
622
7784
3765
7601
4081
7717
3661
1577
1401
537
8215
7187
3786
3428
1744
7200
8950
4180
6629
1743
5288
7300
3528
6905
2863
761
1811
1293
5996
5400
1390
5257
4815
8514
167
212
6182
7135
8224
1069
8925
2616
4182
8671
871
4785
8449
903
6424
1977
6945
4292
2023
7469
771
4627
4698
5702
2437
245
3350
5079
8517
6837
7316
2384
6513
4167
273
1377
1476
7471
2633
6974
772
5334
6150
8613
8310
7615
511
68
5458
6899
8580
2227
7326
4043
3662
6319
6405
1441
3357
1973
5419
4947
8138
2893
5957
8656
2403
2848
4281
864
5369
5544
6121
8494
4512
6522
633
4858
8849
1473
5532
2598
1198
912
7419
5444
3670
2235
7164
2052
5834
4432
5986
7153
4361
5671
4272
7352
5968
4411
1774
786
3669
686
8923
6114
3714
6952
5283
7704
5571
7899
8799
2987
1907
790
4386
6920
2084
2060
1195
7287
7541
2703
2501
4978
198
7985
1975
3624
6361
450
4973
1420
6832
93
6077
5008
4147
1765
6462
3973
4887
6294
1469
6496
7946
2251
2069
3037
1606
6433
6302
1887
8271
7470
2293
8275
2772
688
3441
3482
1210
1222
6530
7363
4556
3399
394
3848
5191
4170
5280
62
1868
4782
3290
7592
5808
1924
1354
4568
7368
8004
1052
7547
7775
8074
4011
6803
5749
399
6618
2506
1083
3311
7098
2299
7795
5273
4135
8739
1369
6877
8836
867
3633
7442
8600
948
3490
4337
2399
2537
8055
5981
5300
7041
5879
209
5028
1750
7789
6061
2258
1435
2418
8848
7346
7181
3026
6418
662
2754
6176
5057
7475
8564
158
2167
2056
6988
3996
8206
526
1801
4560
2547
8473
5636
767
6935
2213
1264
7681
7317
2006
2253
2866
6382
1857
230
1350
2430
5882
2485
1447
1673
738
3124
2605
4454
4002
899
361
6110
6156
8730
2735
5773
6548
4488
124
999
7243
1815
5478
5251
4733
1506
1181
7983
5118
1281
6684
103
3282
5156
8183
2478
5222
3676
3369
5852
5889
3234
8099
8493
7011
6607
6030
3573
3144
3317
4709
1432
7040
3991
3
654
4956
63
6186
5247
8605
8423
3083
7907
7826
8774
8218
1855
5404
2260
4317
135
5234
8681
4494
4902
4345
6434
5932
3923
1812
4994
4793
4792
1145
6731
6678
854
6961
8421
4389
498
6726
2115
4077
7284
1478
8575
8516
7510
935
1045
7273
7291
6830
1838
7932
6483
6546
3032
6426
1646
2371
3331
4044
6759
7549
8068
4992
6863
8238
2507
6743
6428
2802
5653
953
5590
2323
5406
505
6511
7219
4382
5670
4699
4323
2850
6515
3886
8031
1092
5129
4811
5954
3732
2281
5310
6807
7201
5201
6628
4433
7279
6088
2565
7745
7180
5734
3378
3964
5308
5750
1273
3697
1143
7195
1648
2339
2662
28
5302
7568
3805
4749
6871
8066
4045
7467
6493
5450
2645
1302
837
4781
5753
4746
6692
3741
5686
2387
1175
4095
4585
4094
6960
7091
5982
5249
2212
766
5893
7624
7702
7434
540
2101
3977
437
2871
6617
3344
8821
2963
7799
7461
8947
4134
106
7217
2758
3812
1710
1748
5592
8666
507
1963
1984
4719
5959
2636
7580
7920
2144
4638
3797
5637
2693
5706
4970
713
3521
8734
1225
1030
7748
3940
4660
5839
1279
6347
7302
635
8651
5730
5980
1498
6239
3729
3295
1456
6705
3611
7830
1010
6823
693
7616
4557
6324
6213
1884
3362
426
8101
8399
4930
586
661
4063
469
7611
3161
4751
1638
4120
1111
2900
1518
8584
914
6613
3203
7329
906
7910
8597
379
6810
8689
1714
5276
4080
798
1754
1842
8111
7403
3062
770
3943
101
5115
7265
6907
2493
1178
8443
85
2462
8690
3735
6388
878
6033
8577
504
7833
4305
115
5193
3613
5530
3313
6076
4034
1316
5938
700
6191
2435
1674
4005
1167
4084
4451
192
5987
8762
7675
8208
4146
8199
6126
8632
1040
4846
5447
8281
8006
1959
321
4078
297
8573
4874
7267
7802
2640
7053
8204
6983
4702
3830
1528
4158
4894
3111
1168
42
4927
1600
4252
8716
7417
2516
3777
977
5190
4918
5755
5391
4131
5764
845
7898
2331
5219
6154
2505
2177
7749
6028
970
7569
6089
8521
7348
4260
6699
7694
5233
4410
4390
1943
3297
4856
8062
386
3857
8000
6293
2473
8998
7968
4864
7751
692
1843
5104
8996
998
3580
2239
7737
1230
6295
121
1389
86
2646
6740
5695
1886
7169
1308
5421
7260
4294
3925
2379
8862
6409
1348
978
4895
1330
4302
5680
4827
5533
5469
5562
7801
427
1483
3009
1942
1250
6647
6052
2294
8917
1299
152
5515
199
2319
6965
3686
3193
8773
6184
1787
4671
6461
4083
1761
2081
2285
6097
8678
988
4298
4021
3541
541
219
7102
6572
7750
1892
7086
4716
4601
7008
5098
4933
6413
3885
8565
3001
7896
420
894
2915
8135
5375
3092
550
1785
3279
7821
763
8075
4943
6593
8921
7565
1791
6012
2510
3393
849
7047
5332
8962
52
4896
5331
6962
1649
6119
8803
4672
2120
3687
3775
5265
5550
3401
5984
2181
7621
989
3966
9000
8272
1532
3018
4240
3748
2873
8714
6025
3524
4522
5490
5857
6858
7127
3887
4957
2955
7424
1895
4819
875
2617
5000
4388
7971
8299
410
1014
3405
1509
2156
165
3601
6891
445
7365
5721
5736
6707
3353
1359
6508
4690
6581
4961
3681
2706
5757
5584
485
6550
8929
7532
7816
3150
3424
1082
2337
2726
6380
6368
7215
4251
7729
1678
2381
8255
2504
4525
1906
8740
8458
3033
3909
2579
8593
3275
510
1194
4050
710
2348
1937
8819
7931
8877
3800
2469
2745
5347
7904
945
3230
2666
2439
6596
180
6864
5095
2330
1237
2355
3864
3620
4288
7490
1255
2094
7140
8480
4326
8309
5061
5428
1058
1716
472
8907
7065
4859
2831
8433
1142
4736
5384
4162
4780
4301
813
7
5517
6904
2885
1550
8243
2400
2014
2234
3433
7705
7860
1459
3731
1650
8143
6423
3761
2194
1068
364
336
7633
8081
835
4920
4759
6552
6557
8670
1722
2307
4958
7454
1570
1183
1586
8508
4946
22
3876
817
8148
6152
6071
2897
6002
1914
781
5342
3745
4474
8100
1087
4356
7277
4912
6833
5360
1351
5561
2013
3565
7150
5543
7292
5812
7827
6729
8898
2245
1939
4676
8123
5223
1445
1192
8878
1740
2050
4779
7740
7039
2273
1191
2842
5861
2102
4324
6812
4223
610
2660
2500
7276
434
580
3048
7891
6131
7987
3730
8001
2826
6394
6804
6122
454
7042
674
5792
7085
176
933
3074
8348
5026
2789
1315
2232
7431
3658
4448
1948
8697
7057
2159
6575
2111
7847
1651
4786
1261
2862
8063
5618
1117
8337
1050
1197
1933
2465
2412
6345
3746
7347
3027
5664
118
2761
7612
6773
3024
4880
5160
8614
3929
7556
5700
2975
5837
251
3148
2864
480
7254
2382
6373
605
18
2208
6044
4195
6997
8602
3822
2390
6986
7540
7839
3648
5506
538
6796
4343
4228
6856
7955
4295
6225
5692
814
1109
8642
7607
6869
7230
3184
5467
1758
1904
3348
1569
3394
2496
5949
6576
2225
1692
5733
7210
3113
2942
3646
8107
8696
3095
2844
8567
159
1672
1698
1118
74
1655
122
6859
3867
3883
6659
4205
3192
5791
4893
7242
8952
2748
3381
6223
2480
1614
6165
7364
4150
8432
6533
270
7643
3496
4307
4865
2477
2940
881
4181
4897
6178
8418
1104
1206
1365
3842
1370
6254
8
8533
8682
5145
6275
5338
853
7733
8365
6583
3643
3708
6134
2317
3437
8554
3324
3051
6597
3759
4871
7188
4220
3153
7386
923
5290
2785
5501
6587
4443
4906
107
8338
2776
7145
6554
7653
5361
8569
8370
3064
8609
808
4693
5560
6748
823
6129
7251
2538
3685
4171
3385
2759
218
5474
5587
1802
1640
7401
2638
765
2577
7613
4681
1872
2370
3146
4027
3300
4107
6032
3041
3615
3639
4967
6735
2746
8708
258
1363
295
783
3713
6725
4976
7093
2116
6918
4197
5781
4853
2443
8908
1579
3706
3283
1882
2804
5105
4794
8124
8383
2219
4224
1835
6701
5429
6155
3904
5906
3345
7679
3066
3387
5051
2883
5581
8810
5867
2798
7735
7397
955
8956
5174
8753
4673
4905
2858
5603
2612
4767
2179
5697
3511
335
4079
8239
7797
1220
6580
5737
8128
7468
3094
7815
5367
3552
6722
3301
2818
5146
6083
534
4663
7936
2763
1493
8371
1182
785
6365
3529
1180
8534
6299
5513
6488
1247
642
6786
4810
7246
2393
5034
2389
5563
5403
6819
6435
6227
8920
4003
5766
1439
7016
8994
1399
3425
1266
7176
6153
5950
6928
1731
8141
6401
4190
2576
1170
8253
7010
670
3879
3262
8160
1018
8635
5862
1345
6632
59
3556
1378
3176
7249
1521
6278
1201
6130
6292
1454
5170
1700
2731
4825
5087
741
7393
6243
1417
1686
5408
388
3823
5003
6609
2259
1527
5016
473
2921
2986
5510
1084
6045
6007
1960
5881
32
2525
1849
1189
1294
5819
4169
156
2950
3694
8850
3647
2714
5018
4362
3696
5472
1110
5012
6943
177
4535
1897
3071
3359
7990
8704
6117
3077
7722
6259
6693
5052
8502
3664
8080
6311
8520
8120
3560
5760
2697
7094
6425
2185
8231
6715
8145
2338
7037
2070
3604
7791
39
2817
6161
5718
4481
5228
2952
4161
2564
6673
1950
900
1539
1433
7897
4203
8193
5049
7774
6211
8944
3059
3336
5187
4269
2678
7055
2521
8662
6255
5354
3328
6578
1947
2847
5260
6745
5746
8251
2729
6958
791
3257
380
4122
5001
8435
3390
8665
1199
2475
2980
4270
5508
7578
4461
4232
5336
5650
6829
2936
2032
6591
5035
4261
6774
4929
555
5539
758
4971
3011
901
806
2588
2362
104
6577
7667
5844
2684
3720
4735
7942
874
1340
787
4800
8196
5328
1380
7497
2739
2919
4278
4073
646
1592
5188
436
4497
6772
857
572
7108
5617
5092
5908
6250
8601
1503
8667
2197
6216
5263
1932
976
8164
1902
6217
6192
6136
3216
4393
6467
5707
5843
703
5955
6765
1746
8149
8416
3236
6106
4365
3388
1331
7036
744
1174
197
1443
804
125
2479
6203
7069
2018
7456
3566
282
1332
8061
7662
3280
3875
8026
5047
155
8053
8121
1275
2920
1080
6232
1047
3653
8455
6456
4014
1408
2086
1472
1152
2985
8964
1788
6194
5829
3608
3666
2578
1631
6497
337
2044
8186
708
4366
4652
4600
3169
1871
6892
3908
8043
7599
8039
7609
6926
548
800
5928
3383
3851
95
4429
134
4527
1065
965
6806
5815
2356
7448
8723
1397
5464
6747
3488
3007
1949
6898
5480
4487
2572
7318
5710
7900
1320
7248
2432
522
8222
1547
5675
8087
7082
8546
4765
7859
1702
6503
1535
1103
8899
1061
4452
8712
4082
6200
2536
8289
7579
866
2192
7911
5099
5998
2359
7018
8140
5628
4850
2889
2361
5168
4541
8596
3739
2641
5615
1508
7992
2085
6634
2157
539
8539
7762
3439
5036
6574
4753
8477
8808
4175
487
8346
3205
8376
2241
2010
1139
1818
5999
819
3304
4129
4449
4163
3058
8818
3190
6379
3868
2236
6959
4595
4193
936
83
1832
7420
6663
3722
40
3251
5058
1858
130
1140
5500
7229
742
4142
8893
1928
5
672
1492
5123
8442
7205
4465
1325
3500
433
5075
4377
551
3936
593
467
1094
2220
6067
3513
5179
4059
3404
884
3970
8308
4883
1664
1141
3926
4126
7527
5389
8235
4591
221
2906
6397
3845
4890
200
6342
3689
7785
8127
1384
3917
7725
5995
8126
7406
4884
2886
2184
919
3374
1775
6683
1396
3005
7033
8922
8049
3045
8479
2667
6043
7258
4852
3410
6599
5799
3240
8465
8353
278
3499
5691
5570
3657
656
3952
6512
7244
1295
1132
169
6495
8582
342
3187
5855
8504
549
8939
3306
4521
754
8524
5206
1966
1559
220
6228
8214
384
1190
7998
8025
6939
3978
3069
1268
1343
3090
3811
3667
4242
318
6561
3141
4176
4371
7377
8990
1388
8640
1049
3844
6336
2001
5064
5212
1169
2659
1994
3489
6778
1341
7485
7395
3673
3795
447
3727
5353
5042
7885
3361
7207
8248
3768
4363
2151
1850
2276
6484
7765
5306
8427
4945
5651
6537
1172
2813
3217
3758
6850
2725
3510
7314
3416
4112
6364
381
3198
5037
8838
1676
1742
5912
5137
7739
1234
3586
4977
1747
73
8789
3890
795
6672
2388
1688
3999
2717
5536
5134
6606
5853
581
1263
3402
8685
2147
8748
5140
5610
3114
3683
7945
5836
7625
5915
5667
6540
4309
7857
530
6936
1231
5303
7553
4226
4017
5916
7216
1003
2805
6633
332
611
5029
4563
5752
3838
3194
2752
2926
1610
1105
3523
7075
3900
6670
8190
720
1705
3629
1481
1427
6363
916
6687
991
6504
8279
569
4691
1627
2279
1352
3286
7259
659
1846
404
5294
7537
7651
2922
721
3105
946
5813
2780
7517
8192
2541
7148
1626
824
7605
7223
4844
8621
8855
5977
6267
7221
6142
1364
8393
5604
2104
2240
7594
4609
6603
8342
6900
7343
1477
5371
8330
3449
5551
4060
8313
7666
3596
3699
5166
8471
8997
7577
636
8331
8629
2410
8530
484
4597
3619
3994
8787
3866
3987
3571
5623
6836
1499
421
164
7966
6924
735
5009
2138
143
179
4904
3527
4833
4395
57
8553
7337
2558
2846
5725
8110
3000
1910
7344
276
6233
8963
4495
6268
1149
2625
3895
6305
527
8233
2740
543
5537
5415
2054
6826
4460
8391
215
4569
8760
424
4372
1240
4293
2753
7545
4291
7715
4033
8102
3640
2791
7780
4863
92
7574
2635
2090
863
722
590
6224
419
6410
7306
8674
830
4222
1407
6315
860
2448
7677
7058
7373
8282
3911
3049
402
6942
4518
8400
8491
3473
5427
7504
327
1593
7003
5337
5822
4463
4677
8827
964
4492
8983
1796
1166
3916
2682
7591
8870
7449
3293
7370
7513
8431
4268
4745
4867
6069
8744
8044
2949
7518
7002
6392
3884
6013
2923
6123
750
6656
486
4279
3570
5989
6787
4421
6189
8409
4466
8958
1515
1055
2956
525
6821
2097
8809
4047
7307
1185
4347
603
4988
4979
5578
3847
181
6265
7994
563
4583
2358
3235
6600
4036
8461
6440
7218
1903
4357
2954
2287
3791
8179
1828
5238
4188
5252
8752
6389
272
3505
6651
2108
6432
2183
4013
1944
5439
7837
4496
7433
8966
3272
7252
6545
7557
6568
3474
477
8518
1974
2057
3675
7389
132
7179
459
8693
4641
8769
4124
8756
7856
5927
279
681
6695
5184
6666
4581
6274
3815
515
5094
6825
4899
6668
1039
2020
5227
8415
26
5208
6339
8608
7369
1344
5436
1804
6610
7820
1941
2792
2305
8201
954
3002
1375
4140
1934
5348
5418
8867
1217
8891
7981
4436
4561
285
3356
196
1607
3333
3043
4649
2160
2983
1869
5272
6802
2720
7250
1076
4511
340
3636
4544
8017
5163
2998
4579
4283
7269
644
8356
3052
338
4657
3373
2811
2139
231
6019
4737
5315
7103
792
7327
162
5320
8636
466
6078
238
1679
4697
995
6543
655
5583
349
2182
1162
7501
4783
8137
2025
4154
7191
5067
5327
8604
2615
4186
5465
5745
7995
7321
2705
5449
1585
8187
8094
6266
1033
4607
4331
8718
3371
1437
8412
3056
2112
8483
1277
7035
2854
2472
109
2290
1819
4903
4960
3617
2793
8078
6498
2264
7144
3199
4069
807
6720
8576
1680
7754
3305
8142
4330
3672
3984
3859
4420
769
542
4748
8586
2300
2836
6214
66
7345
7550
3481
8955
6654
8182
7587
5665
6277
133
5507
1663
2209
5031
3982
6499
7387
2696
5832
7558
186
1682
4963
5476
8901
173
5126
6016
4820
8089
1877
6124
3454
3503
4215
6567
5241
7831
4502
5526
5884
3109
7918
3247
5842
4090
7013
4075
7678
4523
2557
5677
7626
2852
3063
3209
8843
3986
7170
7286
1071
8018
7912
3366
3289
7555
4025
7731
188
1982
6614
163
5774
8644
865
7755
8679
5185
2928
2202
7906
0
1251
1402
452
6197
6872
606
4098
5192
4680
1102
7402
2136
7648
7104
2750
3431
2066
3654
7305
6853
7548
5106
893
6969
6352
2604
5782
5199
8016
1248
2145
3147
1837
2155
1540
1618
8225
5875
2125
5797
3788
6350
3865
7138
2460
2017
3225
2364
660
7157
7062
4715
6289
1821
1496
5681
6221
5874
1307
309
6734
7520
4316
2770
7089
2153
5656
6518
6060
1929
1633
8749
5846
3668
6742
5549
3102
8168
1617
3779
7956
2313
6676
2528
6646
3603
2550
6615
5240
5801
643
7385
7963
990
7652
3997
6143
3483
2248
5121
4006
6638
6852
2022
6133
1
4848
1845
2835
8130
1259
1876
7262
6883
7964
6978
7304
3674
2944
3299
7853
4464
6141
5494
4476
625
7235
7151
3893
3302
4814
4589
2166
4097
5940
598
7396
1353
7595
7974
1135
3690
6739
5735
6431
8931
8572
6956
8733
1252
3531
7071
2912
5535
2668
5291
5414
1032
3154
7444
8869
4068
4378
6340
2122
5722
5143
8314
6941
7061
1666
4510
7989
697
8056
4603
4484
6749
6489
9
24
1286
8405
290
298
4303
3712
612
3191
7714
128
6494
5374
7197
2727
372
2736
1853
1133
5022
1214
7159
193
8452
8318
6287
1681
2369
7732
2033
4392
3616
4566
6640
29
3502
170
8181
1901
6473
1324
1317
5888
1522
3484
3107
4152
6509
3446
30
4688
501
7959
4210
6730
2461
6835
780
5926
8447
5242
739
2619
8513
6215
1034
5499
8131
3118
4431
5013
6337
1588
3294
3364
8544
2113
5873
8631
8737
2286
8029
4284
48
8985
3053
7166
154
8719
6611
8108
7997
5090
8545
3824
7977
7113
4539
5038
1328
1703
3889
8093
834
72
5165
288
2981
4537
4919
7032
6406
7418
8463
8590
4847
14
4153
2670
5209
2072
3099
7508
7814
8104
2807
8772
1813
4532
2732
6781
4026
972
1426
7339
6474
8755
7631
2976
2274
7604
1575
4664
5043
6017
887
1391
3721
8710
6694
2632
8706
8122
1685
7834
733
6992
778
3962
3120
7083
201
16
3922
3497
1024
2718
1100
6532
119
2829
7588
8825
58
5301
3519
4823
553
7657
5979
194
4381
478
8526
1653
2647
7211
8048
2522
3091
1993
4447
2877
2464
5487
615
8728
8663
1357
7511
4656
6387
6653
3517
15
8895
5040
2559
5071
2648
1173
7374
8854
1630
7241
1591
49
5911
7712
1336
5442
6479
5313
3933
3532
5566
6601
1424
5010
8478
7353
2663
2677
956
5582
3326
8961
3379
7097
3159
1820
8989
751
4450
3553
4558
6273
4020
4380
244
2620
4822
3585
685
851
6627
7641
1246
676
6072
3663
8103
8258
5055
6485
2494
5011
6711
4216
7022
8436
3583
6108
8599
3085
1598
5685
7720
6320
8498
3544
7746
286
497
8619
4459
7819
3010
6783
8763
3108
4721
2855
545
8945
2016
4593
7665
3352
1385
324
3263
8858
1505
5657
1549
1608
1538
45
1425
6303
8695
8261
4115
2892
7024
1613
4019
2344
3831
5946
7379
3710
8378
2277
5956
7156
6183
3784
6763
4724
889
4687
5973
711
5531
2857
5125
8254
3772
6264
2446
4479
1138
6984
2595
4974
4130
5448
8484
2451
2314
1334
1319
1101
3429
3591
4506
5069
8650
6167
7459
2812
5661
628
4057
4490
3422
4714
366
1137
2222
4843
1803
4350
1367
5743
2800
7275
4054
70
8219
3278
6222
5895
5683
6500
8540
3774
3338
4405
5127
5221
5471
582
8345
567
6977
1870
1783
7787
718
385
5074
4015
4632
3210
4290
7926
3016
350
6649
5878
206
7710
6889
8940
5211
5350
8180
1147
6024
1480
5567
8283
4739
846
4249
8807
5620
412
7266
7034
6036
8703
8326
4067
8560
6460
4425
2495
3303
8355
2822
5438
7773
4868
7538
2788
4375
4964
490
5788
8390
2263
7335
2570
2743
7642
1624
8404
7435
4841
172
5516
5363
6854
2969
4104
2767
3953
8527
6281
8865
1978
2704
2967
8835
4567
5541
3645
5423
6890
4891
3557
2910
6430
868
1694
5619
4493
6330
1770
5939
2868
4191
2744
6780
7658
5068
1223
5538
5988
2237
1587
3618
2378
8147
4299
4552
8420
6377
5876
1967
499
8826
4526
6068
6535
7384
6169
2438
1564
8109
759
7671
2994
4369
431
8967
3651
3543
41
979
4679
7850
3226
2639
8013
6845
34
3536
1205
1826
2040
1124
5033
5457
3014
7453
2609
1507
6995
191
2304
1042
2946
512
2004
3248
5139
5066
2152
5262
832
6137
6542
5825
6723
5133
5077
8745
8185
7334
1368
7603
6949
1502
8811
3447
4480
456
2383
5901
8905
5762
3794
7186
3766
1778
6590
4953
6370
1004
8106
1675
3695
2154
6003
5248
4127
395
6242
1026
7969
6331
4538
6930
2816
2874
7044
1211
2775
7478
2409
2597
4546
3372
7813
5688
2520
7421
7786
1786
911
5277
2482
331
2075
2021
2995
4923
5569
820
7706
3200
7495
2395
8113
4740
2574
1652
1398
6757
1609
2832
6053
5586
2991
4940
3142
145
1011
6262
8732
7437
5021
716
7664
5593
2272
7638
4613
5180
333
4962
5909
5597
3457
8408
5943
1150
4455
4921
1793
5646
362
5747
4058
1891
8889
6973
4277
7559
5645
2962
2694
3607
6733
886
3701
6127
7645
6202
8347
7206
7067
2454
902
8191
5370
2650
6466
8333
3821
7622
7851
4385
5613
4564
2036
5006
7414
891
7126
8792
2363
7410
5379
2554
4686
4217
2354
7025
1455
4835
7752
2768
2552
7122
3944
4886
1289
2526
535
7131
8571
6716
5195
3733
6058
3132
7001
5205
4658
752
847
5225
7764
3853
6459
2163
7530
2965
5024
448
6372
8946
592
3269
75
8555
950
8815
5786
346
5676
8722
3252
284
2551
3202
2278
2087
4416
5851
8522
3417
8205
4625
117
7487
663
6258
7709
2933
7841
7430
7359
634
8607
2899
652
2555
6736
4415
8278
1008
222
6477
4674
3485
7172
6675
2908
8359
2100
6042
1601
5275
5475
7852
3783
7492
6792
4212
7916
1554
416
784
3767
7005
709
6158
5616
2781
8511
2909
3858
7117
8096
7721
1916
4662
4196
5789
2575
2774
2019
1280
3813
7332
1632
3370
6429
8816
494
6982
6316
6916
3415
657
8411
401
7767
3898
1151
7576
3602
1983
8738
1001
6843
8489
7009
7356
4018
4653
4427
1726
8497
6018
1866
898
105
7457
6795
6367
1128
8672
6886
2853
3467
4545
8851
7256
4367
4113
2419
292
5473
3400
8538
6564
8822
3989
4029
3742
3787
5443
4143
5203
4106
1661
47
4713
712
8245
5215
1512
2261
3808
3322
8177
6558
3955
2649
4187
7895
4796
4340
69
7378
4401
1629
217
4944
8978
5756
3881
6897
7189
4
913
7182
827
1693
138
1457
174
7883
2643
8943
2391
3829
7713
2610
7676
8051
7165
1265
4872
5574
7650
4202
3464
268
3238
4041
8163
98
7866
3642
1909
6247
4881
5679
1412
3073
2861
4412
1241
5505
1840
6544
2747
383
3101
4647
1890
4639
7257
561
726
725
6671
6348
3255
8450
4373
5830
1278
4419
7947
1711
6657
3728
8537
3906
7867
6604
5445
7464
308
2068
591
6035
2898
5343
3702
6531
2594
37
1136
3688
7544
2562
5155
4885
3960
7880
6861
7441
3941
8779
5039
2771
1207
4133
7865
4321
7361
5854
3188
8984
4508
4760
3525
2878
5292
5152
4571
8764
5828
2345
382
5298
6063
2879
2243
1893
3998
328
2431
242
2689
1203
6682
996
5411
1238
4805
6573
2061
5659
5297
1072
1704
4100
8536
728
7028
552
3621
3679
2423
1221
3819
8894
4928
694
8464
1865
2513
4939
2106
5896
260
5335
1645
3942
2548
5929
4086
6919
153
8366
2856
2470
5519
248
673
8407
6888
5890
3785
5409
8437
8620
2392
929
2463
4091
3028
6681
1542
5112
7818
2797
2077
5607
4239
520
8934
7375
3179
2143
2907
7237
3626
8936
8556
6506
2178
8267
5974
1541
4984
4645
8323
1044
4659
7482
6098
6175
8579
4530
5019
8765
216
357
1537
8058
1371
5493
2107
3325
5274
5050
2742
8876
7703
4982
6181
8045
8626
8801
5777
3256
523
5182
4157
3259
5802
1208
5552
3204
4998
2637
4400
5157
2121
4184
691
1755
4646
2442
2782
5633
2492
6626
6118
1718
4335
479
2756
1486
7663
4761
3945
619
108
4621
4398
5023
7757
815
557
8037
2611
2839
8802
6328
3261
7586
2655
8976
7290
3841
1051
8445
3004
1912
8796
4257
5557
1349
3719
7534
8306
4282
6933
1809
8260
6605
6288
8768
1157
6894
5433
365
6219
2440
287
8598
281
6102
7019
5432
3067
208
8167
3197
6981
5381
651
2996
5122
3228
5886
6427
7133
2984
926
1689
2119
8747
1274
8754
3753
6903
7935
4001
2137
3803
3698
5660
573
1041
3707
7533
5770
1920
8402
4534
7000
3506
1006
4630
2199
3418
967
5183
7006
2428
8911
1079
4430
1089
6105
1305
1773
175
687
8919
8606
680
4250
5935
3810
126
698
4503
2737
5147
5518
240
8022
8047
6563
1847
8637
2207
3233
1284
8413
7543
7178
4245
7572
2819
4634
8448
269
7351
232
5509
869
7398
7173
2486
8924
1413
55
4599
4580
7272
7239
8316
8897
8646
2590
5806
629
5340
7649
2762
8384
571
5720
6132
7007
1085
4667
2483
185
5780
5690
1896
8992
495
8134
2073
5382
7892
5585
1056
3684
4404
5809
2491
5254
7925
187
1561
1022
5605
4178
1998
8887
8960
2158
3495
1296
5972
2301
6100
2918
8334
3771
3082
5941
8913
7500
432
339
8543
6160
2951
329
2730
6756
2734
2917
12
3869
6208
8761
4775
3351
438
2200
1372
4233
4926
5588
3133
4915
8932
8389
6691
4505
4483
3814
4590
1794
7481
3158
5900
5325
2105
2498
1525
1921
8742
3593
2375
7394
2669
1979
4952
2041
2628
4501
5918
8594
4602
1531
7760
8339
2164
7111
2129
4438
8403
3266
1027
1054
5772
3036
7943
8833
7274
5295
8374
6248
987
4132
7965
367
7718
1176
7271
6929
4807
4968
690
1448
841
6325
4424
7512
5333
8904
4231
233
8951
3475
1126
1767
2642
653
7804
4966
8886
8050
5624
4559
7225
7493
3040
7598
7030
3625
2011
4910
2045
1297
5824
8467
7728
254
7583
1520
3750
7539
4426
922
8658
8909
8834
2719
5410
1572
4341
2256
4128
4924
6144
5189
6445
6805
6260
1232
3308
2043
5945
4717
4351
4227
6714
5528
7439
5891
4706
35
7280
623
7933
3579
2007
3587
5072
301
8035
5848
3843
5712
5739
6989
5847
6902
7808
1808
8916
7614
2096
6972
5960
1392
1807
299
8547
139
2927
5424
7690
4684
6608
7106
6828
4174
6519
5869
7970
5905
1414
4655
2953
5492
6455
4039
1851
6571
8175
7803
664
3971
1759
7924
5632
7152
8336
4108
2228
1861
5441
8676
8965
4515
4754
4955
5775
6990
4861
7059
1053
500
2098
2887
8069
7699
7139
5060
4499
4917
3924
7832
4606
6937
4629
2034
7881
3796
5629
360
7234
4533
2302
7455
6323
2683
1406
6732
6549
1002
6308
880
1568
4704
2326
325
3951
6210
3084
7060
962
8777
8977
102
6505
6120
3641
4076
6285
969
8797
6728
3493
5059
4125
5305
5461
2702
7451
6040
5800
627
2401
1165
1148
4696
3744
6789
1776
149
1453
7844
3430
6644
4123
2613
5640
2206
8499
4624
2210
536
5173
5326
8680
927
8500
8549
1466
937
7465
6166
4213
3025
5838
6056
6057
4772
263
3514
7950
6157
8823
747
7836
4608
2133
5181
352
4235
7620
2162
6407
532
6957
2979
1458
6476
1120
1019
4513
8585
7450
6148
3677
3440
4183
2468
8252
3239
8688
1242
491
8028
8232
2226
7299
2203
8699
5388
3704
1782
2535
6521
8980
4665
3520
1020
2003
4882
1553
114
8986
513
6874
8804
4234
2027
8209
8441
5096
2644
5546
7319
4423
3947
7349
8798
226
5460
2082
1867
3575
5103
5309
2190
5558
6107
2911
2211
4577
6492
4588
4402
7824
5194
2943
1282
4640
1995
5952
8286
5286
5793
4670
2821
3453
7367
2095
3516
1917
1155
1497
2622
5317
3207
1005
4574
556
8438
2760
8888
8377
5284
6502
8757
8702
650
8169
2420
952
7488
4551
5119
5910
3901
4877
3959
3469
5236
1383
8781
3110
2365
1628
7646
417
6727
3985
715
8861
4991
6878
4695
2320
90
2311
544
760
669
8711
4201
3392
400
2749
8775
3792
5897
3249
6741
4028
4770
7687
3896
3492
5341
1996
5362
2141
1544
5401
8088
7854
907
2931
1530
6950
8627
5495
4248
947
2546
4109
2961
8758
7811
3212
1723
8154
3122
5771
7031
2543
7894
8750
614
4519
2623
1163
1106
5598
7175
3443
6507
2327
1578
3682
1258
1218
811
2601
7870
7174
1800
7908
4441
418
1670
406
8203
3594
4352
4788
78
822
3478
6619
3757
1854
7476
3076
1556
897
4238
4507
1543
1560
8341
7951
4989
6737
2764
6357
6313
618
7564
304
7986
4207
3271
3221
6356
4854
6070
5794
3450
1075
2092
4875
5151
6857
334
1411
1792
2407
859
7696
2499
8291
5491
5705
8664
8070
3243
38
4769
1980
6486
5358
5085
1701
2515
5626
6234
4052
8820
5564
4529
3538
4004
2715
3659
6677
3039
7078
43
250
247
8269
1745
8005
4119
7045
3760
2671
5726
7736
1300
8268
1081
3632
5715
1077
1228
958
8073
8369
7684
371
3736
4972
3946
4773
435
7114
8700
1990
8351
8469
2935
8972
3298
4417
2110
1171
6065
7413
7967
3319
775
6011
802
3578
3327
4922
3277
3628
2124
8270
3854
1989
2599
3905
3630
5218
6159
33
1131
224
4264
4547
8401
6411
1091
3550
4857
7874
2489
6010
4849
7806
5158
1908
2130
6751
3801
3498
6964
3703
3149
7283
6882
1245
4543
3921
579
7323
6896
5887
6565
3186
3265
5579
4908
5864
1738
5278
8791
6708
4325
3044
2282
3862
7887
3445
11
2173
1756
1657
5627
2490
1449
3480
5086
4845
5434
5321
2592
2255
3551
4446
4087
1824
5463
7726
595
6975
4360
7960
3182
1090
7407
3423
2416
1574
6291
7499
3106
8173
3980
755
5258
6944
5253
343
734
6374
6375
443
6909
7422
5763
314
7949
80
3078
6674
975
7429
3806
885
1580
3494
2971
8315
8655
5872
3180
8172
5176
6582
3276
5486
3737
2606
609
8566
6351
5663
294
2581
6
3219
8210
6817
6480
3832
5767
8705
5462
4498
3880
7194
7119
1621
2076
6241
8988
6147
1589
5020
5778
291
5754
5601
3284
2569
4817
4832
1298
2701
5542
3406
3196
4116
7460
7988
5741
3125
5514
974
7142
6198
7581
1347
7573
2214
514
351
3850
7688
4937
4996
300
6469
503
6092
8440
4605
4743
8643
4166
1712
3549
5089
8482
2065
3678
8686
4151
4870
2716
6643
602
5365
7301
5053
1464
161
5073
8249
3534
3992
6329
3487
6236
1935
2664
4734
7766
649
7411
5742
2128
8715
7647
2692
3451
3129
44
2334
7090
3546
275
7593
1836
4064
3195
2783
641
748
4916
5644
4692
303
4509
8115
8800
7781
4718
8322
2035
985
4204
261
1043
4329
8684
7137
7779
8610
2026
6207
2262
7905
789
3778
2031
6395
8354
3139
3135
5402
7903
255
6487
5924
461
7570
225
3444
5606
6366
7463
4682
6827
1346
8381
5148
8207
4620
6284
6048
8592
6785
355
1888
3755
5991
5641
6885
5282
8394
2312
6579
3476
1114
8941
6911
5161
2357
3368
8486
8881
1576
234
2413
8372
8859
2091
8195
403
7922
2037
7021
3849
7428
7100
457
1243
5266
3902
1555
147
313
6553
1715
1595
6797
6719
7494
4818
8273
2415
6041
3017
7074
4159
1436
6355
6093
4444
377
1976
6976
8979
4950
4092
8021
3592
214
4932
5235
5312
1025
7602
2402
587
3913
1421
7268
4218
8866
7961
1066
5823
4644
8860
7484
8030
6310
440
8694
2405
4179
639
1500
7536
6442
1442
7155
5990
6050
1292
53
4477
1036
2865
2372
481
8264
2571
8743
4708
2171
7805
6314
2937
4824
5925
3121
6517
1086
1272
1356
4555
5245
378
6985
7294
8349
6135
3537
3957
7921
6229
2651
5329
8198
5630
1202
1440
6876
1107
6412
3320
8284
920
6378
1814
519
4777
4789
3581
1768
1662
3242
4798
1659
8824
4185
2523
5595
4336
8426
5093
3214
8668
8303
6979
7054
2657
892
8027
7531
7462
6895
1304
5727
7263
8439
5056
8872
5978
4619
2168
7741
446
7350
5216
7015
1491
1797
3254
638
8397
6794
3463
3983
8882
6746
8428
8085
8557
3990
8226
8362
7825
6490
3253
2404
4071
4285
3870
2713
8570
7198
3568
8246
4618
7160
6245
7929
5377
2843
1134
3754
8771
1795
1816
8419
3515
6938
8133
5422
4012
8490
637
2711
7208
4565
2580
2790
2347
8523
4236
1751
607
65
3031
5267
7711
7617
4711
1590
5678
3021
3220
3339
2411
7409
6800
2827
1256
4339
6706
3789
3609
1490
368
1283
2
2787
6312
5903
8242
4230
3734
2596
3285
1108
7404
6094
2544
8846
6212
1922
2586
3112
3465
1695
8116
2335
2421
3660
7141
4168
439
6840
1404
2093
3763
7366
850
8387
8652
3709
6538
1358
8112
8352
5524
6968
306
2799
1373
3610
3512
8392
7110
8288
7619
4244
4689
7934
5672
574
3588
5525
120
2676
6414
7542
928
7930
2658
5178
3222
2012
4072
1007
5484
8683
8007
2340
2895
7654
4296
3627
7357
8456
3136
1099
4237
4986
2733
1940
1235
6416
8552
8842
7340
7486
5708
2913
2654
2851
1667
6436
3930
1706
1057
5577
7693
5466
5255
2324
3152
2067
5407
3047
307
1062
3938
31
5120
3961
4048
8930
613
7416
3584
4550
1844
7863
396
1656
2434
3143
3273
3981
6369
1945
4517
576
5703
7376
8340
4878
7282
8645
7793
6849
5805
4839
4722
7288
909
1964
2444
3413
6249
589
5366
5871
7400
6594
2269
1713
8492
1548
1643
2280
4042
5870
6256
4344
1249
7336
256
5226
7800
5936
60
387
4177
3022
8727
8046
4394
1403
8274
6686
6921
6174
3309
1463
2249
1017
8612
7944
5054
2238
7338
5798
8510
2221
4732
8856
6279
6689
5311
265
8880
157
4726
397
1257
2275
5522
7993
5082
6588
8890
405
8776
8713
4730
7228
2584
4114
717
8202
46
4007
4901
8942
6738
8367
4757
3264
882
3436
1708
4334
8459
2687
3292
566
7309
1848
6879
7829
6848
8200
3218
6049
3545
1637
8853
3389
2690
5470
931
7686
4642
941
6491
4437
5062
2296
6393
2058
8444
746
460
4742
8422
8034
7224
4959
3462
8247
6454
4980
3769
4304
7682
7575
5719
6468
8529
1834
4406
2295
7183
3128
6893
1725
833
2688
8568
2553
6514
1567
2046
5081
2015
6641
994
8883
6947
7315
7427
409
5796
8041
2436
8396
3086
8114
429
8076
7590
96
516
8144
4752
8009
7822
2135
6038
8709
8189
7190
2270
7516
6932
5048
3764
6009
6004
3937
1684
8476
4008
7480
1552
1709
1187
1833
6777
7199
8139
3931
20
7845
6718
2833
8417
4173
5638
6612
6235
7680
6046
1885
7973
3790
2814
812
6525
356
7876
8561
6111
1719
2476
5520
1763
1697
5324
1955
7526
2938
2530
6470
1647
1314
7161
3088
5831
6862
3622
7630
1526
8098
3773
5790
64
6527
1971
1611
6062
616
476
4776
84
678
6022
1337
1064
743
5232
61
3468
3138
5496
7077
6390
2425
7051
1951
5958
810
737
6925
390
8795
5355
2289
3915
1342
4355
6999
3412
4703
4062
3334
5349
7330
2707
5728
5167
7623
8220
6526
583
3314
7909
5711
5108
7231
111
4573
6690
1864
7783
2830
2539
8623
6205
6775
1212
4990
3855
1583
6482
7858
4055
3398
2870
252
1636
7669
6112
2316
8805
8151
992
3963
5523
471
89
3079
4359
4700
7864
3919
6220
528
943
178
7608
6290
1604
2765
1660
1957
1798
4795
1159
6791
7076
2614
8429
1387
5751
7843
7629
6396
2721
7491
5716
3554
2957
3296
8332
7289
2589
4408
5717
1752
6349
5631
8654
5556
1696
2215
2810
8250
7952
2627
3530
5485
6451
1184
3042
5197
578
6847
4253
4879
5787
4763
6855
5014
876
6993
6471
6014
8532
1313
1260
2837
7125
2840
2059
7238
855
8953
3548
1513
7738
1431
8380
3535
2030
3087
1511
2801
3993
818
5392
4907
6866
3935
7567
3160
8325
7312
2834
19
3029
696
924
5213
5713
1023
8987
8084
449
3089
6510
7222
8174
4189
7798
621
689
8040
8770
3038
5933
5110
8211
7503
2406
753
8659
6650
320
6622
5007
99
5372
5622
4137
6752
821
5186
562
6448
8012
8194
2511
3126
8519
470
2502
3623
5669
6685
5913
1070
4829
2450
1434
2602
2315
776
2710
3461
960
3130
7719
2180
870
2773
6584
836
8241
3793
4289
5307
3427
6923
594
1321
3590
4468
3749
4784
2146
7295
8938
938
4165
7177
3899
4838
5107
2071
2568
1121
4758
2310
2988
1898
3605
6280
3460
588
3377
3576
585
8628
3715
8968
151
7162
8661
4206
7980
6005
5951
6450
5497
7066
3692
3312
966
4473
1779
5483
3156
6724
2982
2223
141
5128
2795
262
648
8550
2123
8153
7618
6475
6074
4160
3752
4938
2042
7672
7743
5144
6996
7939
4797
7982
7659
560
1727
4834
5224
3104
4594
5420
7120
5693
2904
7759
4374
7689
3827
127
7888
184
5364
7423
2891
7311
6449
1789
7691
5899
2481
3612
8257
249
6385
5818
1467
8090
7673
3979
7794
6463
4037
5352
6954
4051
8691
1805
8506
7050
8903
2876
7245
146
5200
8295
3012
4729
1970
7685
2672
6637
3976
5114
6951
6793
5394
7412
8794
344
205
1799
1573
7606
707
8095
4643
5696
8618
3954
6555
8036
3432
8234
8105
8969
3920
204
3799
8726
7972
4636
8725
5393
7079
3211
5575
2661
8373
5017
6276
5032
5488
2675
5953
8954
7771
1734
4056
77
3751
4088
5503
7600
699
6422
293
116
5732
4144
3163
6602
6917
6180
7635
4934
749
3414
8563
3250
8806
8343
7285
140
6419
6113
843
7529
5230
6417
393
904
123
8935
3691
8624
1461
518
7551
6386
6966
6037
4587
3019
1954
6913
82
7742
675
6808
8256
2708
6592
7849
2134
2453
2561
455
5455
5919
5279
8382
8300
879
6523
2925
2990
7214
2518
5608
4214
6680
4266
4911
1597
5580
3081
6516
5426
7535
8717
4826
2556
695
7027
1644
3892
5076
6630
76
7744
392
7270
1224
5239
6359
2603
7872
4403
8736
3270
3776
8217
4750
1285
6343
5396
8466
7115
6297
3426
493
50
7132
2794
4428
1875
1707
1146
6865
6252
8285
2083
2859
8171
7991
1291
3988
3635
3969
4338
3477
7788
5849
1762
7046
3103
7023
2252
7372
3117
5963
4869
604
873
5625
6309
8578
4038
5701
496
1790
8501
5983
302
6115
2724
7073
801
3420
2172
861
5859
7637
2905
1566
3833
2624
5159
1605
7049
4626
825
1536
6251
8019
2186
1012
8010
7278
1830
6272
3861
8813
730
3030
2198
8701
6034
840
7889
1777
2445
5970
7976
3127
7878
6970
5648
6185
5111
4271
5138
1489
5942
4148
4764
7509
3246
1784
7628
7999
6963
7692
3533
4648
3555
5316
949
1059
2452
2993
7698
5405
6193
1863
3232
7341
6539
1129
7914
981
475
5177
8197
5658
858
3237
5132
6204
5045
56
289
2103
6384
4229
150
4478
7768
1239
1410
3934
4900
782
2257
6867
7610
8155
4320
4828
1361
1603
6402
6528
3634
5397
8630
8657
4211
8649
2394
2433
3075
7134
6767
7661
5063
5821
3547
5097
4221
7109
6664
1244
7129
4139
8503
7204
8317
2930
3015
6688
1968
1233
5124
1060
3470
4208
5682
7070
5261
2229
4666
4954
1625
8294
7828
1267
6744
2298
5202
2583
2191
5395
679
6090
6283
7202
8212
8265
235
5642
1961
5776
389
2039
2652
8150
8244
1918
7261
2242
4840
5346
1335
6834
677
7383
5553
7528
5907
2766
3455
1229
4694
4096
3375
2005
7063
4103
6085
706
4314
2246
4024
3975
8011
6376
4121
1859
3509
757
5748
5456
7331
3562
1046
1474
6081
2051
1451
7355
5621
5220
6270
463
1753
6991
5150
4650
2964
6754
1495
4997
8430
6179
5512
4813
7105
4219
7068
1287
2549
359
1306
441
1154
4725
1029
1860
1687
1428
8223
4985
2488
7121
5527
4418
3798
2809
2815
6398
5070
257
203
3155
3123
2755
8307
4762
4942
3421
4614
2114
3559
88
2271
5356
112
1487
2118
6782
1327
1271
667
6566
682
1119
5704
4089
4524
8033
2336
91
7893
7962
7597
6788
2680
7014
4200
7683
6021
7769
1894
7879
3315
3065
7940
6296
6658
2187
8918
4771
3700
4254
7171
6139
6438
3323
2825
6168
7362
5289
768
8361
7496
271
3438
6818
796
3471
2230
144
7979
3950
6880
1523
8633
3802
4975
4310
6813
8839
6226
6400
6586
1729
2945
2283
5231
5795
4364
8280
5477
8611
6616
8002
8453
570
259
7358
8054
4259
3157
2656
5894
5841
2467
326
3882
7325
7923
8357
1470
5431
8900
8162
4065
7937
764
5634
6501
8788
5083
464
982
6371
7917
1760
3606
3244
4860
6317
1326
7571
8868
5264
2867
910
3177
1889
229
6047
4851
4768
1323
6269
2149
2824
4799
8077
6023
1757
7080
1665
7020
2342
4913
6015
8156
5576
3346
5975
453
918
723
8358
7479
6271
7185
1156
3665
4387
2503
370
8832
8157
4951
1482
8496
1615
2992
1374
4306
8505
6031
4074
1720
4136
5293
2346
2169
8092
6560
3003
826
4370
4909
2360
6001
4332
4949
6096
7668
2665
474
7447
17
2497
961
7639
971
5435
8814
6444
5002
5210
1416
6661
6177
7445
6639
7227
4830
7958
8845
3542
5207
8634
3098
4611
5967
3817
2216
2471
4155
5858
3189
8817
5204
4804
4542
1013
4855
2872
4243
577
683
3409
8647
1721
8363
4981
7281
2607
8311
6301
3343
7328
7371
3835
6559
2626
1616
4821
7948
4756
6551
774
2127
524
2914
3717
6755
5380
2218
2205
5969
3057
5826
8132
5591
5287
5827
8937
5357
2508
7084
6771
2894
136
7253
930
7118
7756
6994
8335
1635
483
3395
8875
6000
7506
3863
6645
4328
3206
3162
5885
6868
1938
6027
2784
1418
848
3060
1031
7582
8783
8319
4812
2267
5948
1311
4701
2350
8831
632
1074
7660
1038
3349
3382
6534
7644
1123
8928
3756
1873
8830
5304
6570
3903
3185
4256
7320
4225
8097
6762
8057
4349
7233
1419
968
714
4809
1446
3725
934
6595
7012
1073
7521
5452
940
2309
2150
6145
3871
5318
8790
8896
2000
862
1972
2189
4889
2796
2414
3316
2353
8864
1338
3825
7848
6870
5113
4030
2901
5041
3358
7753
3826
2303
6172
3834
239
3258
4802
1677
2008
8558
6335
3034
2582
1581
3569
3649
4576
727
8841
8159
373
8375
8829
1177
6199
1444
1986
3337
5609
7554
4654
8857
7388
5387
2367
6873
7399
5136
3391
1405
1200
237
7392
5171
94
1097
8589
8741
1946
8038
7443
8559
8971
4241
1462
5814
4941
3008
5565
8474
1565
568
7498
584
2686
5947
731
5966
3650
2244
2117
398
8277
5673
3891
8165
2573
323
3208
1021
1016
1987
2459
7483
5004
5169
4346
7777
4504
7868
1741
7901
5866
2509
5689
2916
2308
1962
7354
425
2934
8828
7502
1936
6149
8603
3396
4516
2321
2374
5314
8188
7072
2233
5971
5373
2351
4262
3061
5892
4457
4199
1516
3540
6520
6831
7196
6696
4969
1764
6660
7875
4274
8902
1926
5454
8091
5246
2779
4198
8329
6624
4536
3363
7446
2880
6529
236
8639
3711
8324
1112
4598
8981
6408
4458
4935
4102
883
391
5164
4209
8974
2699
358
6915
502
8873
1318
6472
5759
4993
6620
8296
4470
6760
5468
5611
4617
1623
4586
4023
2341
2884
1841
4348
6082
2109
6547
5101
6230
3872
8879
5758
1096
8548
7087
7232
5149
3561
3740
702
915
8840
4778
6029
788
8240
1095
7415
5898
599
3718
7524
6075
4925
4866
8446
6709
5639
684
4685
8562
5647
2674
6244
5416
1028
1829
8574
1985
369
3340
1153
7143
8083
7776
3201
8298
1393
1312
8975
2803
8398
1193
1063
7293
8641
1329
7438
7193
5383
2424
7566
6353
6465
7029
5738
3442
2343
2292
8993
2429
25
4156
2608
7954
3376
4138
2533
4391
4118
8622
2838
2456
3894
2029
3274
647
5902
6887
2806
2140
4141
6710
2738
1394
5785
7701
4246
283
6170
6421
5668
8067
6138
8470
7308
559
5937
4623
1806
1668
932
2890
3644
8117
624
5025
6700
2247
5835
5845
6655
6446
1622
719
2563
6333
8724
8457
428
3360
5930
2845
2352
4093
8059
4287
7212
87
166
7796
5652
2959
5250
701
1438
5142
8687
8766
773
1771
1115
3165
4383
1215
1766
7640
8184
5339
7088
7391
210
1728
6846
1494
1382
3780
6753
4575
8852
5962
3213
4675
4549
5256
2875
7975
211
1254
1430
4445
2064
8454
872
1546
2529
2250
5015
7124
407
71
6086
3738
4892
729
4489
7632
5534
6839
4319
6304
2593
1772
7655
3508
3134
430
5723
7902
7996
7136
6934
3873
980
2474
5880
1479
2519
6206
8472
5141
2089
1161
8485
4876
517
5502
8669
3137
8119
1227
756
7877
6481
7627
5922
8874
3958
7515
6101
3183
5430
5459
1485
1355
280
905
2266
8625
4384
4873
8425
6383
6784
5992
1634
509
3119
5481
1880
6080
1488
6625
816
5378
7927
6556
5299
6779
2080
8216
3807
2524
631
1724
7052
983
2932
1122
7807
7472
7130
5044
4744
6770
2881
745
600
6073
4987
5914
8060
1253
4738
797
7589
2527
4837
8368
8468
1654
2849
2396
6441
1196
3310
5877
2629
8424
564
5600
533
1415
7236
3518
3355
4604
312
668
6146
7747
3116
6998
3539
2566
7116
2653
5489
79
3526
6844
5779
793
6091
2028
7324
2131
8729
4707
5162
2860
6218
3145
6940
8959
7473
1188
3965
7861
6209
6875
3215
3770
8229
6541
207
852
4172
1991
6125
8064
4110
2441
8933
4469
6055
7886
6381
724
2447
8995
6240
2534
8531
7778
963
6665
7092
3070
844
658
7890
4615
7432
7758
5214
5385
6702
7220
5417
6253
5030
3877
1874
4486
939
5153
5850
1035
3501
1911
2231
6171
8863
1683
7466
3367
3595
5330
3174
5687
2254
3479
3448
7474
6713
4787
1690
7081
4948
4409
704
4032
8844
1551
5296
2466
5540
6642
310
4379
5398
3491
2947
2841
13
8885
1981
3574
7390
2284
8999
5976
3023
3131
442
1735
6164
6824
4397
7192
2828
2329
1953
8065
888
6195
4117
5714
5116
8297
2977
4053
4683
2941
241
6332
6066
5594
5724
2224
2786
8301
3456
7656
142
8970
8304
957
7184
3927
2170
3948
508
740
1913
3452
311
451
1958
4422
3097
6334
7313
4300
8406
347
705
6116
4482
3170
3564
1484
762
1856
277
7163
7147
7840
6860
4066
8213
1671
3888
3967
3291
1730
2929
1881
7560
5784
3918
2318
7790
7546
1219
3231
8507
5351
2531
5635
5761
4327
6039
3567
4070
6901
944
3318
3054
7716
6811
7772
1831
7674
1956
8481
2380
5674
2972
5934
831
3781
2948
1558
2397
5511
415
8892
6415
890
3260
8542
171
8176
6318
2673
1269
7584
8388
6908
7213
408
2695
8292
264
1817
7957
7298
2728
4035
8293
5345
5883
8884
2349
4766
5589
6667
2997
1899
492
3582
2408
986
3380
5731
6598
3840
3435
137
7489
2820
5729
4010
7168
828
7634
3747
3093
6246
6084
2679
5868
3968
630
1395
3151
5709
3164
2398
4584
1098
223
5237
1612
7670
8847
1749
4612
3055
2174
1322
3705
253
3168
3288
8360
5005
4247
3281
1262
626
1534
2989
97
6452
6306
3321
7064
5920
1639
4318
4099
1599
2386
6443
1514
6776
4616
4453
1450
3386
5699
2457
2600
488
5399
779
8221
8152
2217
3171
4596
4514
984
908
8915
2458
2165
1301
67
608
4553
7817
6008
5281
8327
1780
4472
7107
5783
100
4983
5131
465
7562
4462
1930
1037
6562
5504
8328
5804
2587
1290
6338
7458
5964
6569
8591
3693
190
148
414
1733
6764
7514
2063
2973
6766
8525
3330
1923
2427
3939
7477
2376
7552
2512
7941
462
5198
8948
596
6282
4741
3563
7707
3743
1276
6263
7761
7264
3656
5545
2966
7123
7708
1669
5643
1927
7333
7519
8957
6758
6051
7043
1620
2188
7342
7727
1209
6099
3354
8495
3046
1839
8305
2903
3874
3287
3949
1999
4633
5572
5451
6439
597
4105
2148
227
4439
4342
7303
8129
1825
6884
3762
1303
6820
8414
3332
1878
6814
7209
3818
8910
5602
2047
3241
8638
3172
2038
6841
7056
2332
6190
2778
4442
4808
8263
8871
3347
267
5322
2422
3166
5270
353
997
8082
36
1915
316
6838
1475
2322
4440
1883
2373
4049
4111
5985
3577
6404
7915
1827
2902
1739
482
5554
5803
110
3342
6140
345
838
1562
4728
8386
5088
5154
2049
6955
2176
6109
8982
6987
4995
6478
5547
228
4705
3268
6953
5268
1545
7381
4914
942
23
8782
6457
5196
1127
4836
2195
5612
1376
7240
2161
645
3050
7167
1116
3897
8615
1236
6437
4145
2204
4520
1602
5229
2970
2484
3907
777
2132
2698
6704
2417
2306
2009
6196
3397
1216
3245
5769
5102
6881
7255
1642
3956
7146
6054
4491
6721
6652
4286
1160
4731
4774
5548
7734
6231
8912
4720
4192
4471
896
1852
8837
8587
54
6816
4831
2088
4414
2048
7203
2869
8024
1879
2567
4273
2002
5765
4322
8266
27
2618
1362
5269
6750
4456
7723
3726
921
2630
7026
6809
5319
2751
6623
3637
3856
1400
5904
1769
2062
8312
7697
6906
2741
7846
7452
5109
4399
3411
8812
5344
5921
1584
842
5323
7297
4311
6362
5662
7978
7809
3140
1164
7405
640
8227
7128
3223
6360
8515
1504
6059
1471
113
3716
5596
6914
8698
3341
2449
1452
1524
4040
4635
8793
5856
363
2958
5599
8236
1422
6948
7842
7096
8595
805
2074
1691
7835
4548
8020
2999
1919
3173
1270
3837
7695
4475
7425
348
3631
6103
3267
6648
7770
1339
4668
2268
5271
5931
529
6257
4540
6799
6322
4931
7812
8395
7149
3558
1992
8008
413
6946
6286
2560
1125
3804
5368
3072
8321
8487
7310
5649
617
8673
7426
7938
2333
3434
1810
4031
8072
4061
4275
4149
8052
4046
8660
1510
7525
4806
8118
2777
1423
1204
8914
7154
1015
3522
2974
620
7095
5084
4297
8003
6761
1333
5529
5521
2201
5425
7505
4528
5740
6967
5614
7838
4276
131
8731
8786
3836
2455
2055
4354
3932
2591
5559
1699
2712
8551
5065
2265
3329
1179
4554
1737
732
4562
274
8616
547
4164
7763
3655
2621
1952
1310
5744
322
3408
7873
5046
6095
182
6420
5860
3614
5993
8541
1596
8746
5386
7869
6768
2585
5840
803
8230
6188
6922
8780
423
8158
7226
1078
1213
7862
6064
5965
354
5172
5684
2700
3486
3974
8364
5482
7636
458
5175
3466
1594
2291
8509
6237
3227
3828
8136
1226
4312
8720
7984
4723
7440
5080
4791
6851
1988
7112
1582
5130
5816
3671
489
6453
3638
6931
7953
1519
7855
8385
5807
4194
2808
7724
6341
3820
2634
1517
4888
1571
3599
3307
8032
317
2385
4280
4022
5997
3224
7360
1093
7782
1158
7730
7561
8778
8617
4999
2968
1288
6173
3809
7038
202
8350
799
1009
3589
917
5412
4637
1931
4263
3419
5768
8759
341
3175
5078
8692
8721
4842
4578
5217
1965
5555
6163
6079
4396
3115
895
3928
6635
6712
951
4622
8991
2896
506
1048
1822
8751
1465
2024
5923
5100
7247
8086
4333
4313
4755
4572
6344
7585
1409
2325
1144
6399
5694
8512
8166
1563
1732
1997
6298
374
6801
8677
6358
6261
189
5698
3914
3013
2288
8648
3912
1386
2691
1736
925
3020
8259
5437
2939
4016
5243
4712
8675
3181
829
8588
1925
8535
4368
6910
6971
8015
2328
8927
7408
5573
6912
7380
4801
6536
4631
8460
3852
6822
6307
3403
1067
5568
5811
6128
4258
8735
6020
411
8653
5413
4435
3407
3652
2053
1905
3096
2978
7101
546
4936
3458
8023
8079
8581
6162
3229
422
5390
2532
3600
5917
2487
3365
3782
6697
5863
7004
856
7523
4376
1460
1823
3572
3723
959
665
1900
2924
5865
671
8926
6669
3459
8475
558
4678
4531
4898
8784
1379
3816
8290
7017
4747
7158
6006
2377
3472
5655
4651
1717
6679
4669
315
993
6927
2757
4570
7928
5810
1000
246
375
2175
8785
2723
2681
6447
2426
376
3035
5961
6790
4353
2196
2142
8071
5498
8707
1360
8410
7099
1429
3846
1529
6326
8042
7048
5446
4816
4965
5479
7596
3167
4485
794
2193
6980
243
4790
168
4009
531
5285
5244
4582
3878
8434
2079
3680
5833
6769
2823
8302
7884
1501
3597
5944
8276
5259
213
7700
4407
5440
266
183
1186
5117
1468
8125
6104
3598
7522
6321
554
2517
4803
1641
7563
6636
2126
4358
7296
4308
2514
7436
6662
1969
6717
3507
3504
6524
6354
973
4710
6201
1658
8170
2099
8320
7882
8014
3972
330
5820
4085
4500
8528
5135
8767
575
2769
2960
3995
736
8583
4592
6621
3006
6703
4661
81
1781
6391
3335
8488
2366
5376
4610
666
7913
3384
1533
8161
3080
129
7810
6815
4413
3724
7823
4265
6238
2888
4467
4727
2631
2545
4267
2685
1619
444
468
1862
2078
2297
6403
3100
7792
195
6589
4628
3860
4315
8973
8237
2368
6585
2542
565
1557
839
7322
