7111
6017
3159
1958
1085
5515
5284
3563
2340
2395
2526
1501
5984
7712
6277
4042
320
3252
2538
3669
2474
5233
2188
628
3958
5657
1190
7224
7066
4594
1397
4324
2193
1313
5039
1020
7833
2381
5521
6498
5209
2493
4657
2145
1855
5830
3770
4484
1669
5037
1345
2965
5269
1794
3693
3259
615
5280
2200
3172
7248
4956
5771
7541
3117
5237
4693
5347
832
5674
7731
1
5487
3791
5861
1723
7035
2433
1607
1534
6083
2681
7291
2731
5862
1590
6890
4733
6201
4715
6666
4385
2207
4351
4343
4064
1403
1674
6003
338
1759
4636
4312
4783
7956
3871
3209
111
3775
3095
3426
2154
6760
4648
726
708
1576
2194
5147
427
5694
1553
147
5184
1782
172
5412
3747
3889
5062
4922
5268
7986
5817
5979
2147
7675
3341
6472
518
455
1987
4325
5026
699
5632
333
6444
5891
5590
2406
4407
6320
4031
2253
3482
1879
7235
3354
1812
4659
748
1221
698
3895
6302
5605
3076
6293
931
2283
5691
1474
2940
3689
3700
5642
3483
2365
6459
752
5560
5192
6530
7862
5612
3884
988
4779
2436
3163
6096
3834
5546
1420
4334
7683
4700
4393
3637
176
5584
6175
4496
1777
5005
2196
6399
5225
7340
3319
6991
1851
1350
7950
6837
5292
5683
6812
7580
3094
2960
2299
5137
7887
4254
1002
799
2014
7502
5921
7811
3509
3850
4396
4958
7210
5601
3015
2026
5081
4120
665
4593
6701
1184
632
5958
3303
846
1814
1672
1468
328
471
7630
1357
7365
7360
608
771
1223
6181
4965
1499
5941
2540
5008
2883
3087
2122
5132
7057
378
1830
7898
7327
2843
7869
6725
2740
519
4278
4842
1054
381
4918
6802
4050
2362
394
3767
6282
6380
4613
148
6821
2114
6859
4354
6547
2335
1100
2636
412
2131
2172
806
3804
5704
7371
1035
6061
3558
2332
5427
5055
6348
3969
4292
391
1955
7256
1293
4086
3652
828
7137
6640
2441
5023
5123
2457
1614
7770
4187
3762
4405
5468
2281
6365
7586
4424
7985
6368
6500
3760
755
513
6106
5228
596
2714
7972
5307
2658
981
5459
2837
4623
6440
3854
6732
5739
7230
2252
6581
2555
5060
2129
2496
3857
388
7243
852
2041
4621
4546
7633
6763
2954
6219
2836
924
4109
3514
7558
1685
6556
2420
5104
6662
2753
1903
2974
3264
4154
7144
6548
3951
7706
2673
1530
4973
236
3108
544
5514
2203
4122
5756
3121
2404
5372
3074
6963
3892
6097
5442
1854
2197
3847
4322
336
1370
6553
4463
2873
1519
1269
190
4130
4852
1863
4317
6570
1715
1192
3045
5520
6242
2219
4454
3239
3069
4743
2542
1522
4690
2108
6540
5717
4359
4010
6425
3908
7804
6535
323
4402
415
278
2624
1137
6189
7798
4423
1180
1981
4559
4499
6268
4404
3085
7438
2830
7846
4517
899
3075
475
5425
2487
6123
4845
3728
1940
6777
3718
1731
4087
2928
954
3479
6926
6564
4174
4831
1690
5339
6310
4314
1073
5173
7520
1277
1300
1730
5882
3876
3320
6626
4253
417
3392
1491
5443
1512
1582
2607
811
2953
3398
902
3010
1894
6549
7624
7206
3029
5945
5445
3242
6128
3420
2100
1911
6170
3145
3553
7380
7572
50
1906
2312
1216
4904
2173
3852
6647
1946
7790
5163
697
5386
4871
6463
2942
77
247
7694
1317
1931
5911
3088
6112
6421
3444
6772
7401
3313
7424
5103
6670
1511
2254
1441
7743
7820
2128
5080
7941
235
1606
2933
5762
2455
3893
1201
5586
2035
4720
5836
6766
1275
1040
499
7191
5449
4801
1053
6122
3554
3492
4092
3905
3423
3706
1399
715
263
1605
4203
6496
7177
85
622
3031
6453
714
2628
4406
6004
2790
5082
5672
4566
468
5370
4150
1609
3537
6638
38
7334
724
4789
7593
851
6770
5276
5992
3703
351
1406
4711
3160
4929
6609
2831
7642
5180
3818
5271
2558
5931
7466
2360
6598
2998
2547
5109
6040
2835
3880
3686
200
1418
5398
5906
5242
3146
4927
6614
3480
2761
6273
7071
2574
5046
4948
5678
3390
2693
7292
5244
7005
1517
7002
6280
1183
7886
4145
10
5452
3972
6312
3419
7443
883
3923
7120
6027
5865
1448
3740
6923
342
2325
5536
1173
3727
5463
6447
2661
223
600
6942
5550
6267
5571
4458
7716
5297
2853
5994
731
4188
1686
7227
3714
768
5182
420
3598
5696
4235
4178
1006
7342
7459
5369
6594
7255
2027
464
3831
1570
592
3694
2477
5934
6291
4644
5591
6149
5404
7391
2699
5968
3965
4824
2568
7919
7774
6191
2132
1344
2324
3254
7185
6428
1282
6018
242
3122
4225
2008
2298
6150
5537
642
7963
1536
2109
3113
7632
7471
3271
7984
5580
1038
4426
7047
3024
3793
5540
595
5466
3257
1500
2967
7788
2157
4119
5351
3478
4467
3505
6754
7287
2460
4646
925
3877
1195
1129
718
4582
294
250
6404
2189
1311
5755
5920
1106
5214
1086
3
6811
1967
5207
224
4098
7278
1416
7509
2973
6250
6052
4264
810
834
2306
2678
6403
7616
5319
2310
4860
6021
2520
5682
6210
5305
3481
4756
507
5813
6695
7791
6005
1347
965
7308
1828
5524
3898
3338
7551
2394
1927
1799
5885
2031
5075
6961
5525
335
3508
5952
186
4524
6692
5251
1510
3399
1693
3364
4179
6791
6892
2945
6407
534
6100
7644
5799
7363
2013
7504
95
7456
7582
3472
3033
5940
6525
51
1077
3629
5295
2879
6888
3833
6395
1351
2786
6826
5151
7112
1620
4708
646
1561
6648
3277
7982
7914
2230
234
2085
4732
7231
1901
6270
4515
4910
1231
618
3887
5733
4280
5498
1366
5827
2303
2486
7874
2508
149
1196
137
3858
3154
3541
1379
2137
4357
1718
183
5118
7781
6038
1926
6331
175
7166
4740
4039
2218
904
7386
2536
1886
5775
2500
5086
3081
5982
490
4234
130
5309
2796
2153
6905
1878
2071
312
6759
7285
472
2426
6359
4464
5897
3255
4975
2769
7414
260
210
5644
4093
4084
5831
3744
6518
2947
3058
6218
2505
5496
5073
5697
4185
1108
6014
6056
1757
6825
7780
3366
5631
4627
2745
6393
5930
1763
2663
5488
2244
1916
6095
5965
3096
146
1891
1250
3106
4875
1444
7622
2251
7812
2951
7075
3639
202
3580
3047
1217
3521
2997
2449
722
7841
2267
6427
2121
6159
7324
3709
4387
6294
3705
4030
3585
5548
5576
5661
7913
2273
3098
783
3183
5752
991
4744
6166
6671
5473
7524
4962
1436
3861
4684
13
290
5917
4221
773
3862
7535
801
3488
4135
7398
2418
4642
762
5846
7765
3550
633
3758
644
5707
4344
6585
3278
635
5625
6089
3774
5326
216
7294
493
6778
4470
4073
4583
6579
1665
3462
2322
3503
620
2288
993
2808
5853
848
2152
6917
541
5736
3227
4632
6118
4303
1241
11
7169
2326
7396
4434
2036
7698
6748
6649
7006
4036
5428
6295
7355
2801
7831
4027
5187
2537
2016
1372
6742
5146
5094
1502
700
2271
7591
1031
5289
1529
7284
397
62
1401
6482
2926
2456
3141
5880
1160
2061
6544
6805
7184
4177
181
6379
4853
2794
3701
6477
5643
2969
808
1697
448
3158
3956
1835
5479
4978
4131
3941
2156
7590
1377
4332
4919
4277
2876
1120
4823
7105
2265
3403
671
3484
2804
1244
4243
1428
476
7677
2915
7099
6959
79
6992
3986
1286
2358
1604
502
3317
2208
6975
7878
2696
3925
3699
5334
835
2682
4802
5905
423
6327
5250
7171
5896
1011
6010
6929
1153
903
4081
2934
4817
5314
3596
7300
517
4340
140
403
3215
6550
8000
2630
587
3511
5454
4688
4276
1790
5416
1367
6241
5315
5256
3711
6874
2788
3458
6867
6875
7883
2712
1559
6771
4753
7856
1343
4809
7562
3944
6481
4794
1162
776
3530
6781
7612
4265
3192
2260
1447
1368
3193
2767
5800
2995
5948
3230
1712
6416
4258
7376
3328
3864
4013
1993
6898
7938
3040
717
2844
1280
6918
1314
5964
7959
564
5172
1327
3534
4661
6980
2223
6605
7063
936
5690
5763
1477
1171
4115
603
6970
3083
1978
1630
6484
6914
683
6494
1848
967
3128
1045
4374
5368
5437
7212
6198
2776
2737
690
3415
61
7512
7614
2672
5772
5283
3435
5779
4078
2571
3987
7050
2434
555
4222
4557
2935
6803
1268
4438
7676
2278
2907
285
5273
6028
5222
4999
3400
3817
6946
4382
7390
7054
6396
1738
4274
6976
2011
7314
7269
5166
5357
4908
5177
7978
3358
7839
4574
3207
4694
7921
1446
437
1666
7377
7708
1471
46
5108
5441
5365
6470
7127
4710
3222
577
6516
3493
4608
2270
5111
5112
7076
5176
5734
3807
429
709
1821
3142
5185
5523
6144
6765
7315
3219
923
7333
7635
6762
5847
6301
813
6745
3952
6026
1482
3396
474
5236
7289
6740
161
5277
2120
5873
4555
370
2174
6551
6221
7855
7481
360
4048
1513
2361
2383
2425
4049
4533
4165
7945
2464
1798
1015
3579
4111
3604
2732
3431
2596
6430
3916
1329
527
3268
4970
6919
3042
6486
6324
4849
7917
2088
4600
3417
5816
6315
71
4619
5714
2187
4863
5316
4716
4227
2897
5092
3809
5890
3089
1041
5155
1569
3347
7621
4551
5938
933
1856
3326
5593
5004
6809
7412
1434
634
3522
2544
1145
5824
14
1211
2651
7337
1149
7560
6419
4719
1739
4980
4876
4765
977
4912
3274
2858
7735
5929
2701
7785
7446
2603
2227
6853
2589
4427
3105
6602
1760
5341
2476
3836
3291
4512
4771
5429
5240
1623
7253
5573
5660
4149
5998
4379
5879
307
7335
2462
7358
1380
6792
3995
3385
5064
4443
4722
2899
6813
949
2050
3811
7193
3014
5095
2821
3837
325
3527
3950
5989
6054
6031
2723
3825
3768
7441
4321
5371
3674
1557
1603
3174
7158
3979
6499
5483
2068
6450
4023
4851
3068
6251
4680
6943
3411
1408
7058
4436
3021
168
4304
7609
4611
7853
1694
4032
3771
3993
4485
4231
4441
5472
1449
6663
4751
566
3336
676
3883
5506
7893
4180
660
6713
4409
3961
2716
4323
3232
1492
816
786
2169
2236
3079
4786
2517
2987
206
4938
1710
1072
2807
7454
2136
7717
7597
4894
6753
5366
2501
1535
5138
65
4821
214
7217
3028
3576
4308
3882
7288
5721
2588
4836
4920
2608
7109
4175
501
2936
6067
3375
5189
7270
4796
5401
5778
2258
3667
3745
4481
3843
3461
1462
2838
1597
3924
5975
4020
238
818
4610
4056
2686
4352
2034
5231
3648
7943
2343
6659
1026
3695
1717
6838
34
2572
6634
945
3234
7669
2212
2070
2959
4567
7060
5205
7550
2902
253
2656
2700
6755
2955
6830
3746
896
4298
1896
6688
7083
7508
3597
740
2317
1932
6211
3653
2412
956
1215
3018
6080
7196
4724
7933
5806
39
6537
4944
898
974
4124
7983
5306
7501
2282
3955
5431
256
7882
2593
3446
4430
7649
6871
257
3456
889
7239
2119
2190
3842
758
5044
1385
6852
2766
7156
4870
3866
6855
6881
3063
2610
1258
195
542
6621
996
7419
7952
990
2089
2471
503
7150
3309
7751
2159
7465
2880
917
4741
7771
5134
4712
6503
4358
5440
3296
1331
6514
6410
7259
7176
7604
2702
3407
5624
345
7074
7596
6603
5430
4974
1677
5065
2022
2847
1305
6091
4331
2342
1537
1709
4963
6845
4237
7104
6370
1374
4388
5169
352
7564
131
3455
2171
7267
6266
1033
1330
796
4614
6032
1358
1055
5022
761
2480
5575
6665
1413
5970
5000
3304
2304
7868
1498
5218
3292
4660
1653
4792
569
1541
2092
4101
7854
951
43
446
6974
3630
679
2695
6869
3885
1518
7809
4204
6426
701
1954
7552
4818
4854
5191
7031
1312
2850
876
7303
4936
470
2094
5107
3345
3196
2811
2595
1813
4384
4548
7960
7962
6895
1125
6641
6587
4718
7909
5669
7549
3467
6990
1191
4988
1651
1256
745
6343
3062
1098
6078
5464
4419
606
3826
3104
6197
5955
7161
1339
3810
3569
331
2497
5030
383
4964
7485
2629
2919
7719
7387
2612
6935
6921
7866
4696
2439
4814
2779
365
1600
2527
7457
5175
5499
5033
7323
3510
3997
4785
6161
6767
7498
4544
2567
1429
557
1127
7029
1524
7537
3389
4348
5409
4872
6613
2291
5741
5159
906
7317
2797
7672
7745
3654
1776
7556
6105
843
7538
2321
6435
3991
5973
6828
7625
1008
572
7667
2692
6932
2047
4884
1083
593
7021
491
736
75
4706
1066
3379
955
3838
6756
7918
3719
2392
3815
6401
2834
1240
3418
4077
5589
6046
504
5532
1096
6142
4497
5807
908
5304
3769
4360
5620
332
4148
7369
629
6782
1720
2924
4230
4207
2237
4850
7705
6298
4985
3452
2894
2729
4960
3114
5382
7715
5743
842
4889
1692
5275
3983
359
80
3766
3199
5818
7793
4983
1574
4460
1844
3019
6543
407
1234
2377
2485
4905
4486
1426
2943
3663
4189
451
2650
2479
7519
2867
3378
3513
4966
1445
6511
7701
4339
7691
5066
7530
2498
485
2594
4504
7608
5034
5038
2446
6987
7020
2473
35
858
2823
2549
5703
2573
4624
3794
5810
650
561
2888
4329
5599
657
7607
2859
5728
535
5617
5742
3869
1784
1107
185
4691
3980
7352
4192
1227
1505
7762
5592
6132
2868
3582
4838
1971
1743
1360
5041
3664
6013
19
1581
723
4287
3457
1404
6998
134
4521
1880
5849
4868
5492
929
5417
6162
3632
105
5477
7574
3269
7202
2166
1168
1138
3904
3391
302
5737
3640
4652
4070
4380
3752
5685
7598
5909
7910
6345
309
6076
6876
2812
7757
6119
5436
4793
4208
4681
5010
7937
2818
1486
7488
3138
2072
3445
3112
814
6680
7830
340
6593
568
361
1705
982
6808
641
7736
6120
4527
1876
70
5840
3109
654
5124
6436
142
5394
3559
1972
377
5156
5681
7072
3383
2938
695
795
2518
2292
7816
963
2713
7274
3504
229
7671
7975
3362
392
406
1170
4586
6650
6949
7599
5248
6035
860
1155
33
4816
1575
2750
7474
2735
6101
4107
6248
7053
560
3241
4679
3485
2931
6043
6978
182
822
5837
2264
5
2996
7132
5264
7726
4054
7749
7922
1102
1028
4040
5168
1949
7517
1883
5017
4993
6431
4791
227
5954
275
29
6160
2992
6479
3655
6902
3374
2921
1198
7553
7108
7643
6948
6287
3451
7534
413
5070
4198
2578
5418
7849
5988
6036
579
5421
1128
2989
2056
3812
6849
7010
7404
68
6172
1929
3343
6288
2363
3381
3547
6321
1729
4673
1572
2075
1292
7397
6109
7439
1922
7695
3494
2099
1599
1515
1299
6
7835
3875
3786
3549
3680
3248
1961
7277
529
3806
4133
1295
6373
3788
850
3152
355
5356
6493
6389
7970
1226
3743
3645
2337
6360
4448
4995
4114
728
4001
4670
3552
2279
4347
2490
3968
5413
2968
6941
1966
1032
7942
3644
4341
4219
5141
7515
4335
3120
7018
5402
5042
3299
4313
6173
3352
853
1861
6887
2401
5815
1807
1587
962
2882
7135
6110
7497
4432
7792
5071
5093
582
5555
6364
6848
7570
986
5059
3545
6668
1289
1593
1539
7673
3148
7902
1595
5794
2296
2138
2870
1133
6846
7961
1475
287
465
387
3641
6709
7078
5024
2901
6653
7526
117
1792
2679
6224
7906
5088
4220
1202
2606
1023
2983
1304
5387
2862
6531
1131
4240
2081
3316
2759
128
1864
7640
4345
277
7720
102
1846
3742
3495
177
5744
4011
964
2402
6953
7040
7851
4877
1823
824
1989
892
6864
944
3523
827
396
3237
4415
7554
400
6446
1247
3800
5491
44
4901
6578
1116
6350
3331
1025
3725
6793
1638
4238
3308
6060
4161
7015
3187
7499
2347
7619
837
1262
5708
7926
374
5286
7268
4462
1580
2647
266
2000
1664
3524
6340
5650
6039
4307
675
6879
3707
5179
3780
2179
2329
7657
1995
5213
6682
4259
7370
4251
5444
7305
1815
2925
4094
7968
2019
7341
607
4663
5249
1337
7098
6901
3283
7261
6508
4422
7085
2289
5318
6448
6455
7257
1820
7062
664
4665
2268
2706
1489
7192
3036
3638
4316
5266
7451
6789
6554
5764
6708
3139
2103
4538
1691
7240
670
2841
5009
3262
5258
6228
4096
7148
6057
7678
1048
4840
6190
7434
5274
6167
2581
6572
737
5291
6073
2910
1466
3915
1388
4647
3218
1148
7838
706
3221
585
5616
1852
1699
984
2004
6116
869
6240
3763
1765
7861
231
2863
934
4750
767
3027
7408
7179
5020
4121
4869
1786
1555
2161
3410
201
2339
7734
6418
7092
6839
4190
7437
1982
930
6896
3168
5926
6672
5338
5529
7629
1673
2627
265
4139
1012
2566
6928
2215
3821
1193
6243
2906
315
6994
7860
1769
4459
659
7330
7637
272
1962
7170
4168
7121
2705
4267
4666
1843
6815
3177
281
7097
7004
5735
5410
440
7741
2357
7981
2110
5623
5629
4514
2707
3155
4989
5937
3004
3298
4723
5117
2710
3989
4440
2971
7136
601
1400
6402
5322
1187
6208
7354
3413
5027
6193
7615
96
4137
2641
2561
7357
6145
7331
3626
3474
6163
7510
2616
7948
7326
2739
4158
5645
7353
7302
973
5336
1563
3957
6617
7470
2535
5302
7656
7873
5396
6643
4787
6783
4844
4126
5718
4455
1963
5287
7494
6205
5991
1010
969
1939
3926
1017
7965
5476
477
4138
5203
681
798
4834
514
2198
1049
5332
3052
521
997
4752
7043
1915
6371
7714
6386
6443
1352
7022
942
684
733
1579
339
3388
2751
7027
7850
2757
609
3289
5552
3070
7658
7789
2632
5122
6567
1044
2800
5563
4095
1749
3759
4143
1494
3333
680
2206
5711
821
7476
7116
1774
6202
4532
7889
32
7493
4501
4897
498
3879
6678
3463
1056
6707
3057
3460
3542
258
6392
4246
5211
2646
3468
2428
3735
6624
4775
5700
4473
3620
1422
6058
6171
6461
5007
6694
2062
1185
574
3723
1560
2991
7182
6894
2461
1022
1478
3627
7167
3777
3245
4982
2054
1481
2038
815
2611
2904
3442
6958
5393
5083
5579
6880
1704
2084
3491
2017
2711
2328
7313
1571
7147
6893
7748
873
7374
4888
3741
1093
6979
5084
6234
7825
116
6313
6607
2645
6464
5119
7426
1189
3339
2125
4061
1365
3754
3798
5895
2003
551
6155
5317
989
6795
2633
3137
7713
2932
4942
6071
6610
5074
2623
7356
7542
4883
1336
6041
4210
125
523
4151
7252
1075
5663
3136
3126
4987
2762
5899
2430
5750
2785
4969
6400
3386
3546
5649
3119
1650
3395
6117
4365
4471
298
2290
4570
6204
7688
4650
6737
7761
4186
6661
5216
6509
4398
1992
4827
5261
1578
6575
1326
3055
6900
2030
2468
5936
3054
3061
5715
7458
74
6623
1200
4302
5144
5595
943
6358
6394
293
6081
5076
2294
4252
2802
3030
7403
6265
4445
4009
4656
5935
286
5705
1564
3276
6000
7611
893
26
4414
7068
3307
3822
4781
1060
6832
5993
7246
3235
6325
5186
1375
1484
7417
5456
7834
45
3409
7472
1267
4937
2143
4127
251
1084
1890
6253
970
1390
2082
2528
1732
4037
5986
2631
3475
7903
7760
2427
3353
1298
6157
5489
5114
2148
4350
807
436
327
4736
6086
4201
4118
4055
2949
2738
4662
5447
552
3894
7164
5889
2210
5679
4602
129
1290
228
1627
3668
431
5206
1990
3013
4245
4162
6608
841
7826
1619
255
1288
3416
5201
3430
6506
1237
2515
3373
49
7316
742
3750
5712
920
3525
5648
7381
3184
4211
86
99
4082
6339
2634
7949
1199
5639
2927
1376
6728
2872
1493
4878
6111
1764
6437
3535
1659
7069
5877
528
4117
5596
7548
4598
2670
5776
2185
7778
3928
3156
2918
7489
2509
4025
2247
2760
7769
1634
4012
3486
3153
7082
1013
7186
3692
749
5812
483
7115
7947
2096
829
2758
1213
588
2570
4763
6964
1324
3902
3360
7912
89
4067
1266
7181
7402
1544
3600
2781
2584
2898
2842
4416
3189
7543
621
1204
6920
481
291
2058
845
6015
1688
1938
3506
2150
7100
1779
5480
3038
2001
4735
2386
127
5202
952
7815
5808
7890
5797
6139
3297
5614
2957
5512
935
5985
1866
4968
5802
4066
2391
1037
7522
5652
623
5922
6588
5328
6385
3290
2990
1976
7039
2313
3816
2613
6047
3732
6341
856
3071
3476
135
932
143
87
979
4395
6925
4760
4564
2984
5374
5726
5298
868
424
2314
1857
243
4173
4525
922
7134
5695
6861
2077
7153
157
6082
5980
5509
7263
939
4896
1545
5143
7468
7163
6752
4581
2060
3443
1516
7392
867
7704
3736
6141
5262
3421
1459
6130
2582
1151
3143
6495
7351
6460
4083
862
2467
7829
3835
4480
4767
3131
688
2466
6135
4704
5358
2286
2827
7870
2400
4378
54
2980
2563
2320
1825
702
2813
6088
6297
5785
5190
3171
7872
7989
1178
4502
5230
6134
4376
7347
6011
3623
4370
1719
6432
6409
4474
5194
3792
3687
4372
2440
3284
7750
496
839
1787
1458
7435
5497
3642
6476
6966
7568
2005
1294
5821
3337
301
3790
6258
6362
6454
6200
3035
1150
7486
6398
1398
4439
647
5528
6055
865
7200
106
7957
1636
5768
5567
630
885
5503
5804
558
4881
5116
2356
5972
5619
4140
2783
3910
6955
1751
7329
279
3781
7777
972
7844
1503
5001
4822
6483
1756
60
7702
3658
5574
2029
4487
1881
5851
5063
4469
1034
4604
1970
5067
1452
2037
978
4171
3043
2979
947
1362
5557
5977
3543
1270
6669
5747
6188
3720
5981
4778
344
5282
2727
5389
5549
6906
661
2421
7214
3595
5054
3202
16
1207
2564
7088
1566
6865
3544
5904
5787
3334
7070
5360
5455
2988
4858
4649
4671
3287
4005
1497
5433
3288
3920
4116
5461
2472
4002
5946
5397
2470
4617
4284
2295
6878
5963
7464
3294
6873
1622
7102
7118
4390
6414
1414
5359
5135
6866
4233
6599
100
4664
151
882
1741
1386
3943
1119
3200
4806
3311
4113
3206
1320
1409
1734
295
4543
4984
271
6590
7767
7484
1222
5746
5609
2773
946
1465
2106
4703
6574
98
2454
7721
59
6889
2315
7645
7483
1154
1733
1909
330
6487
6922
2556
1701
5406
7946
4169
5270
7516
4547
5602
7626
6685
2978
4731
6020
3716
6729
4080
2891
5199
1342
1770
6620
5770
188
284
604
4676
1047
2948
4342
4972
2668
4616
5195
6690
820
1689
4677
3080
2287
4271
3118
4472
4866
3938
7266
1405
233
7478
311
1014
3217
4697
5465
1868
6247
3931
1809
37
7561
5128
6995
5767
48
3749
1036
4451
4215
875
3776
5912
7805
3845
7025
7697
937
1860
4375
1279
1678
6539
2840
90
2728
3608
1625
4950
3188
6860
5860
317
1948
6689
3282
2878
3370
20
5811
7226
7927
329
3097
6576
155
4041
6716
6342
7821
160
2285
1219
4510
4026
3144
7079
7275
4257
6816
1829
2379
1248
189
6489
6606
7894
1287
3432
6397
4367
3683
1612
2825
3404
3225
6944
6924
6660
6178
4737
7431
3220
56
138
2742
7740
203
1382
5373
7218
1255
2371
6330
6910
999
1338
3636
4839
3935
6743
6523
1703
6697
6988
4951
4563
5061
4713
1635
5127
6776
7579
5470
6284
3782
3361
6577
6836
108
7647
2734
1933
7283
5513
5508
5153
6851
4909
3959
4263
3909
5850
2662
3796
139
1142
7453
5666
6829
594
5725
3517
7433
112
4349
2445
1526
4309
6807
349
2209
7885
7843
6199
915
6417
6349
2117
194
2052
7823
2541
1423
4104
4609
7087
2274
7198
3300
3011
1668
1322
6843
120
4898
5068
220
1957
4157
3748
5577
30
7366
1748
5754
5344
7996
107
6957
3657
6642
3765
6107
3161
2104
2504
1130
2726
5621
5079
1381
788
2929
4412
7321
6094
617
4516
4597
886
1527
1950
1837
2639
3515
7665
1395
4967
3322
4301
907
4417
5198
2007
992
6645
5212
1974
3568
5392
1194
4410
1858
150
739
7606
4591
6143
389
3365
6022
5582
6138
674
3208
5383
1124
802
6984
3008
4319
1870
2511
5077
4797
3110
4217
6571
6519
545
3590
7368
1598
6346
63
3901
1735
3617
254
863
2680
3111
4362
7055
3572
1773
7393
2135
6800
6215
765
1652
7503
341
6449
7888
6768
2688
7276
6542
7125
7722
570
1245
6008
7094
2078
7686
7174
6176
4540
3091
4326
2181
3185
3182
6194
3124
5453
948
7260
7350
4685
439
5278
6841
164
2815
7801
7011
4911
872
4528
2243
2993
4466
5844
1019
6664
402
6413
3176
7827
5713
6561
245
6079
994
3246
1315
7531
1838
537
4867
4008
2909
7864
414
3990
6784
2719
114
6185
398
5788
1865
7682
3899
2626
316
2263
7280
7279
3960
4213
1000
6445
626
4531
6618
101
4569
7095
7824
1943
953
4518
2516
1984
928
6546
4247
6429
5842
6423
1161
793
7753
6787
1319
292
2222
3125
2133
1695
770
6884
6773
4625
4902
5969
3330
5759
7540
6366
5843
3441
5585
7142
4495
3107
3954
2409
887
2293
4000
1608
7808
909
324
2438
18
7573
6592
364
6246
3867
6347
3228
7034
171
1785
5603
123
5613
6532
4310
3211
4553
3556
1456
6212
4561
6255
6562
2284
3384
2644
386
6788
4556
1506
866
5014
1520
2805
262
2939
2900
7059
5753
5006
1236
3805
7272
3726
1263
5777
4429
5701
7768
7328
5839
2494
5923
3006
1920
5502
508
4742
7495
7627
3073
184
469
950
1141
5115
941
1432
4805
2097
3072
3734
2569
2250
5869
4862
5572
7930
3034
4191
4403
2491
3017
4552
1427
7301
5451
4953
6952
158
3466
6239
2098
5511
7452
7687
916
5833
7175
4272
5028
5841
6683
7818
5098
1775
318
7081
6375
6822
249
3599
4928
652
5927
559
4437
2410
7173
7264
3945
7905
610
7359
3253
1722
1702
5154
5723
2142
5516
3646
3888
5858
6834
3662
3918
110
119
7440
174
4268
6646
6886
1523
3473
3502
1802
4820
5327
510
1708
957
1616
434
2950
6263
4465
2241
2975
4397
5533
4167
7143
4687
5854
7475
1273
7037
3844
2192
7581
1658
825
3712
1912
358
81
6520
3722
4260
6541
1091
2640
5627
7569
7199
2877
6090
5420
7003
7559
6847
2890
4498
1663
5053
3439
6262
7415
6127
4728
4639
1318
3679
1094
5380
5204
756
6183
1039
2375
734
2763
4446
5467
7273
5918
7242
1302
466
5892
1306
5745
2754
1905
3724
7679
5241
4428
3066
2782
6954
580
4921
2512
7939
7555
1021
7880
5727
2677
2643
3963
5902
7845
7361
1679
7406
1139
40
5665
1514
6513
727
6527
2654
7662
1834
7225
6378
208
4766
5971
1655
2374
7432
7133
4244
2079
1417
2020
1480
2389
3295
5032
2220
1985
1744
3380
4018
627
7046
5868
7086
3286
5633
844
6154
7211
1479
6070
6196
2127
2803
2730
5594
926
2353
3621
4701
4672
7600
1643
1884
7664
5363
3424
1238
239
804
212
4291
6780
2481
5561
2444
5255
319
1859
2352
4152
2514
3649
5457
918
6064
5710
1975
289
6804
5924
7126
4123
2914
2388
7492
58
6580
3129
395
2307
3878
7036
1817
757
6030
2664
6630
2930
5852
5031
393
6146
2539
4645
3000
4212
3512
4205
6323
2348
2033
2053
1105
5227
4550
1862
5769
390
6785
6870
3803
4541
5293
3507
3001
4065
4961
884
55
7651
6715
6085
1847
3115
2718
881
7908
3682
3323
1584
7155
672
1117
4306
2784
3841
5630
2435
1727
2736
6950
5668
2429
6757
5943
447
7008
2828
1483
5773
5953
3870
5538
1239
7782
2
3897
4392
3656
428
2101
669
219
5423
6862
500
303
691
405
5598
1159
1594
6679
2671
3489
7742
6565
792
3571
2116
2164
2795
6129
4788
565
2364
5486
4285
3039
554
4228
7487
3660
4389
2042
136
901
782
1914
31
7188
2583
5300
5324
2690
4146
750
4882
2130
6583
2981
7772
3233
5139
2176
3133
2238
5684
3557
3665
7924
7405
7306
3198
6326
5551
6115
6972
3906
379
1158
7373
732
213
613
1554
2881
3976
3092
2903
2225
6104
3356
305
5950
6739
2349
5265
3566
7692
6983
5610
6844
7307
6502
3243
5507
960
4489
7859
7311
7299
1278
6203
3551
6945
1232
4488
2619
2275
348
712
2165
3051
3839
1959
6232
6465
4738
7395
2531
1887
1058
6835
5564
52
1908
1872
3301
4780
4513
4893
6654
3939
2414
2557
7773
7023
2010
7858
3093
3773
5183
5558
880
5310
2507
1088
2958
2694
4885
6092
5647
2367
3531
2111
296
5235
2211
5426
3216
1218
4490
2413
1214
2499
567
133
7832
4295
7332
5078
288
3962
4890
6335
4442
3157
4256
3032
7425
7045
124
4933
2708
5126
7578
6114
4128
7113
7797
4573
3949
7399
5161
6165
5729
5490
6318
5246
1836
484
3025
3611
6733
5188
2715
6909
5796
2214
3405
6947
2417
1046
7877
589
3588
7203
900
5838
3436
2893
3715
1752
3970
787
6274
488
1363
6233
1810
1203
5349
6526
7258
2256
6457
5995
685
4338
4873
7145
2380
5673
6048
6569
2833
5780
6636
7730
2024
2912
5664
7312
3077
4804
2311
3560
2246
910
5223
833
6387
4226
7936
2724
3516
4261
809
7442
7764
7149
1113
5090
2316
4745
7737
3863
1134
5390
2777
2648
1438
2697
6292
6723
1795
2393
5385
1464
6651
3849
4931
2506
7237
729
921
2408
3890
2308
7418
3368
5379
1532
5352
72
3329
716
3985
6334
7652
4795
4164
7090
6356
438
4400
2966
6534
2124
3619
3100
7165
1144
5659
5215
5145
5646
7140
7382
2982
7685
7565
2175
6153
2411
6009
6657
3914
2301
350
5290
4584
532
7430
6363
7049
5795
2451
2733
2009
7990
4717
3382
653
4063
2669
6625
779
7389
1136
1174
5411
1205
4529
5040
7168
6214
4057
7690
6741
5346
3305
1074
6885
6276
6136
2112
6002
2937
895
5288
1713
1126
7521
4163
597
7618
7799
3065
7249
4800
3449
1945
6619
7631
4241
1251
7119
7304
7518
741
3344
2985
6597
1485
5863
453
2799
3005
1027
5761
1135
6719
5096
6566
7992
1097
6377
6278
686
4628
1696
6615
3651
4475
6684
705
7223
5110
1965
1024
408
7131
7900
5793
7001
2875
5801
1165
5587
1355
7416
6908
3872
4373
5588
2195
1437
4091
2095
7032
6187
6180
6927
5966
6698
3279
3586
7977
4156
7428
2432
6633
5828
3937
7345
5149
4790
2204
478
1947
6227
6673
1283
3310
553
4576
6655
3046
4754
4043
6286
167
2162
548
53
1067
5578
4761
2617
6351
6667
6209
1146
1649
6390
454
5267
3996
3376
7840
3240
2144
2319
5056
7613
6093
1156
1874
1918
5165
193
6877
7974
3166
2590
2424
4363
3616
1109
6382
4449
7842
525
836
826
4813
2846
4776
2530
1415
4356
1087
5140
1845
2562
7460
7309
6001
3900
4072
494
1893
516
6967
1450
5662
2057
1252
1941
693
509
1780
3273
5749
6644
6264
2789
3567
7129
7848
7114
5200
2586
1706
2345
3764
2239
6573
6381
3519
3947
5381
7251
3067
6466
7998
4377
1175
1591
1246
3226
404
1051
6053
5157
3813
2368
7696
5894
7511
3936
2242
3819
282
7250
6798
6137
7336
1285
1487
444
366
4006
6271
4391
5384
625
5312
7228
380
1624
2703
3440
3625
4577
1007
1540
1176
2113
1882
2390
2043
4930
703
4425
2602
927
4089
2180
5903
4808
3422
4530
1969
1029
2373
7584
2300
4242
3212
3820
252
4399
3099
871
5686
6658
6591
2141
1633
5848
5085
3581
5829
6102
6307
4386
4184
1179
4709
966
4183
1898
6354
73
3325
5047
4811
2396
5758
3584
2885
5142
6558
797
7411
4176
1340
4355
4658
276
2605
2221
7107
2382
1818
7603
7482
3574
5245
2857
4483
3201
2226
6761
586
6703
1177
2384
7953
7575
7378
3049
1977
237
6037
6960
42
1212
7448
66
2478
3573
2331
269
2262
5559
3102
5361
6174
3060
3635
2972
581
196
430
7229
5688
2028
209
5130
1935
36
6275
7367
2824
2576
3690
4843
2177
3999
2123
2689
877
2423
5448
4034
4047
1310
2046
7042
7592
1942
4537
4803
3587
3829
1750
1585
6252
7295
7507
5570
7477
3964
5345
4626
3293
4144
6283
1004
3007
7473
7234
1224
1747
1983
97
985
7
2155
5543
6442
6338
7344
1698
4654
2126
5530
6412
4554
1644
6314
1419
7638
4914
578
3973
4595
24
6854
3927
1197
5247
5519
4106
2170
3730
5377
1383
3348
2074
6940
3631
3855
1675
6977
486
1937
6533
3618
7207
3350
4218
4166
5325
987
6616
2341
3738
5232
735
2069
4181
4200
6391
7152
2725
7052
6897
2482
4170
2869
3606
3402
409
2822
3984
1391
4294
6245
115
879
7605
7372
2720
772
6050
113
3713
7628
5809
6501
3499
1089
4311
4249
3064
2055
1567
878
6907
6261
1628
5693
3454
2067
3753
204
5323
4634
3397
2635
1793
2163
7636
1062
4865
4612
1070
7204
1808
5857
7794
2216
4255
3570
2073
3601
7007
5944
4699
3349
7670
5765
3394
6930
7091
2806
2492
7576
3982
6724
5495
2829
6555
3130
5635
5939
1873
5671
7491
6411
7783
2746
7709
3332
5607
2355
5978
3583
4959
2553
971
3917
1118
2191
1353
4293
1071
1647
4739
3666
598
7979
3624
5898
410
3053
5976
3575
4773
7895
3919
3369
4935
2614
2431
5798
7966
482
4587
6319
4509
104
3037
2768
803
5999
6480
805
2521
7973
7865
4886
2585
6222
5658
1988
1411
505
3789
4675
4917
7421
3615
5435
4580
611
7222
7348
766
7935
6488
7545
4250
2591
711
1589
7980
6024
7319
3971
1495
411
6225
170
1542
7479
5738
3633
5229
6099
1573
1543
4383
7101
1230
3529
4841
3429
5362
259
4774
3827
7602
5432
3677
7871
4830
6883
7747
1791
3974
5102
369
6751
3643
3779
7241
5343
159
817
76
5087
1103
2158
3913
2905
4653
6545
6622
2874
3564
2255
7080
744
7183
2510
2065
4129
1629
3487
6517
7026
7587
913
5908
1707
2543
7585
4153
3447
240
5150
6956
4826
2866
7310
5330
6962
7238
7461
4829
6515
2895
7205
1261
7429
8
3953
919
763
7546
4643
3359
5653
1488
4411
1359
4353
4283
2922
22
7038
3302
1871
1323
173
93
6285
687
1758
4782
2134
6916
1772
7318
2059
7190
562
3933
6456
7710
2437
2533
4051
1577
6656
1900
4444
6596
5170
2489
7084
800
191
5874
5556
4758
3577
6504
2839
1509
1919
1181
1831
3589
1789
5460
7244
663
5105
4199
1389
2598
456
6352
3851
270
2302
2495
5919
7067
4726
4071
5263
7746
624
274
1803
2575
6098
6329
2407
3012
7044
6125
4461
591
6997
4520
6823
3140
1431
3795
888
1716
4976
2330
3433
4346
2519
7151
1680
4565
2483
3565
4615
3414
6184
1001
7061
3082
7634
1220
5866
6769
4004
6850
2405
1507
2666
2743
3191
840
4182
6522
2653
526
4136
6582
746
5706
211
3532
6818
2770
2350
1968
4913
2443
512
2545
2764
6231
7162
6632
1140
2892
5783
2475
205
7154
1547
5784
656
2334
1621
5011
347
4494
5294
7571
6824
4142
7810
4633
6819
1225
3490
5907
1442
7375
246
2649
6042
222
7400
179
4270
4286
7951
326
4971
4224
5805
4281
754
2240
4482
7828
1805
2809
2657
540
2091
2765
6007
5709
7221
3940
4812
362
7654
4861
5757
4828
425
5856
1063
6521
769
5100
7787
313
5845
3967
4090
6336
3903
1111
4194
6971
2277
4364
118
7940
4815
777
5217
5689
2819
7000
3231
1819
152
2376
1889
2871
3181
1276
3921
1123
874
6560
5611
7567
1804
2748
2618
6374
905
4542
2257
6552
5367
2917
1796
1999
5171
3459
2231
2814
2149
1274
7876
5043
5424
6051
1166
6584
1042
3244
2066
1265
2615
3016
4810
791
4328
6536
5333
4202
4638
337
6913
4021
4957
1528
7325
563
6023
3602
1364
197
4769
1726
543
7187
704
673
3450
1867
7610
2704
7527
7093
3994
3022
3737
5113
1254
6938
1902
5311
4825
5641
4764
7681
27
7755
1057
4891
6863
7523
730
4997
7349
3335
1979
1209
3672
4915
1991
5178
515
5500
5152
5636
6458
5554
145
6289
7955
1565
4016
1271
4923
3357
3594
6491
1538
5698
1504
1924
5400
461
6296
4601
3470
747
4545
6249
774
5859
4196
2021
7967
4618
6693
1711
785
3026
2245
215
1788
7813
1172
940
2205
1454
5238
2911
2638
655
225
4500
2524
5129
2580
5949
2756
3536
5414
7041
1895
4209
2887
1549
5018
1755
3702
4290
2261
7999
4571
5257
616
1451
1490
3593
3685
7030
3497
1996
7286
4977
5281
7447
2465
6601
6857
6868
6699
3175
7923
5834
5956
5622
6182
2683
3603
1960
530
3614
3607
2908
6164
6612
2775
2229
4606
1953
3306
459
6084
6528
6899
2587
1424
7958
2685
6422
5933
4155
3249
6790
5160
789
264
1766
1147
1725
1473
5732
7232
4421
1076
912
248
2039
1186
5057
5099
7469
1440
2793
3050
3078
433
1951
5634
5301
7857
4408
3147
2398
7911
2023
3865
1182
2920
5239
1297
6736
5814
2676
7863
2604
1842
7639
2848
1412
6213
5049
2083
3324
4837
1934
1210
6158
7012
5871
4874
5608
7124
648
4939
6361
178
612
4269
5494
7728
7786
273
5481
3697
7971
4747
4206
6872
4019
6133
2601
3717
6220
2199
1439
4568
1806
3434
7806
1892
2816
4368
1611
6415
7588
1242
1521
6817
4239
4523
6192
4456
7659
2551
2565
5782
6600
5983
4477
5045
7661
5957
2146
2986
1670
4526
573
3267
6786
5162
2309
7490
3020
3151
6328
3755
6801
2102
7339
91
7620
17
5353
5350
2049
4607
5526
4479
2333
4631
5541
2674
6652
7463
6814
5916
6891
5469
7784
6451
7385
1394
2105
2484
2655
6985
2503
7410
1833
3205
5654
4413
5544
584
5355
5403
7297
1259
4492
1303
5048
2913
7525
473
310
1092
2167
6044
1917
1601
6702
217
1455
890
6485
4097
7343
6512
1079
5883
2522
870
6068
1986
5774
6168
3977
605
4232
2941
1228
5260
2018
218
7533
5197
831
2845
1853
5210
4361
1260
2721
7744
5870
1850
961
7915
7819
1771
4401
3681
445
4579
346
3561
7623
2397
268
7847
489
6332
4320
3992
6467
3002
5553
4022
6126
6121
3860
4895
1783
6858
5677
7394
894
1736
1435
3260
5792
6747
3190
7455
7215
857
3605
64
914
1264
3427
891
4630
109
753
2625
7379
6355
1840
549
5583
4112
4336
1660
4266
3678
2675
2107
5517
4799
7532
1316
1826
6796
5786
6744
7048
5676
1410
4327
7775
6259
1016
4682
6627
5960
3912
7897
631
3628
2944
6438
7689
6195
1531
280
6726
3830
2749
5820
6148
5320
4755
6441
6473
3868
1061
760
6993
2366
6674
3210
4668
1121
7449
7528
6433
6712
435
2787
1746
3471
4229
6049
3186
5914
6186
7195
3162
520
3023
4952
4074
5699
5961
6420
6257
3756
1110
2889
2259
192
6750
3003
3224
1637
2249
4103
692
1762
2344
7577
1681
1667
7739
4003
7245
5637
7209
3315
4667
6131
4493
2621
4864
1009
7723
3840
6996
4592
7663
4069
6706
4784
2774
1457
639
751
2318
6475
3548
2559
1768
7016
5947
2865
7013
721
7884
5002
363
5819
1904
6604
6794
2280
6722
4282
4562
7017
2369
1104
2772
1005
4508
7103
5220
6388
7383
2183
6595
5021
1467
6156
4947
4599
4305
546
7254
375
1648
7904
5535
506
5702
6827
1463
575
6229
5234
6968
368
5313
7547
299
4998
4099
2469
4759
5997
3772
6589
5915
4297
1661
4223
2378
7194
1308
169
4337
536
7529
4535
4236
2923
4678
5751
4590
2338
3377
1334
3179
5253
6006
980
4053
1753
5450
6497
4045
6306
4007
4807
5823
1018
6911
2458
1059
1654
5478
1839
775
2182
4946
7180
2346
7733
5196
2234
3425
2854
4366
7220
5405
6934
3634
4695
371
7837
7655
1068
5626
6452
3978
1639
2090
7157
5354
1369
3393
5434
1030
1384
83
0
1284
3236
6299
7994
7384
443
713
968
2810
7089
6628
3578
738
2323
7916
2916
354
6147
5181
1640
156
3929
3907
6705
1998
7247
1249
3846
784
2548
859
5928
2744
938
5025
199
5581
6478
3314
5518
7817
5547
4641
5348
5493
1328
7467
3437
1208
5670
1875
5888
7413
3266
5035
4503
1361
6939
4702
3797
5822
3090
2202
3438
5016
2448
3169
1849
5628
4062
4159
69
2044
2305
4558
2976
6087
1348
7480
7096
6405
1548
7505
1078
7954
7707
5527
4655
3448
308
6492
5378
3203
1356
6077
2217
7703
6856
4216
3477
4519
7991
1301
3540
6510
4857
7732
4197
7500
3132
7800
1335
7776
6066
2051
583
1081
5942
4549
4172
6721
6820
3281
5167
7724
637
4729
1525
5422
7756
2791
4369
640
1588
3009
830
1662
5285
230
1610
1617
4588
2248
2597
3802
57
7997
4596
6840
1944
2080
4044
3213
3684
3859
6151
1115
5482
619
3710
2453
5791
7796
4214
1827
2359
7122
2652
5534
4907
221
1700
1800
3346
2999
5446
5651
7931
3932
5471
1392
5375
4195
6305
2513
6563
3272
7807
1928
6152
4318
5321
4017
6019
4721
6322
524
1132
7802
4330
4934
1740
198
6074
2399
4394
2184
5504
480
3167
7987
1533
4835
4605
2554
3814
2577
2956
7189
2962
382
5136
441
6207
1797
819
6033
7117
6989
3275
4746
6384
6718
7988
5485
2370
4954
1291
3229
4300
6369
2961
3041
4603
5680
3650
6311
1272
6300
847
3948
3250
1613
759
7836
2160
6734
121
3285
1811
4749
7298
3696
6635
3194
487
4108
7650
5399
2667
602
1822
2817
7281
3731
7427
462
5395
1546
3123
5158
3178
2086
67
2297
5133
6629
5913
1596
3659
3676
1632
3934
958
5221
207
823
6383
5337
7901
5003
1754
614
6062
6538
5781
2387
4478
7925
2642
2266
3496
6774
1052
2698
7445
5867
668
1433
3708
1235
141
677
4468
187
1913
385
4052
1714
4945
6714
7138
5475
6238
4060
7422
5875
1402
2040
4941
911
3787
7699
4994
6981
6025
373
7718
7420
2946
2087
1657
547
5272
3164
662
5959
7208
3180
3406
2327
306
3751
4575
7219
4932
5640
12
3261
5987
7641
5996
1737
6235
7557
3363
4589
4887
7964
2970
4768
6986
6738
3881
94
376
2963
25
5655
5967
1453
3832
1332
2849
5900
4772
7146
7462
5925
3135
2532
2896
6704
7995
2372
2140
7766
3367
322
7589
4433
2385
5052
4452
2851
3922
5724
6831
5687
7674
7544
5438
2452
5604
3469
2752
7700
4714
764
5419
6337
5501
4683
3555
314
6833
5990
6676
7617
3647
2228
497
2691
5019
1676
6462
651
3256
357
41
3197
6711
4748
7646
5932
3056
5542
2502
707
1671
2459
7172
2550
5106
5462
4046
3518
6279
5484
1721
6746
4262
7879
3173
2232
6016
725
1112
399
7653
4981
1641
4727
3498
4777
6806
1206
794
854
3966
7293
3318
7160
6696
1907
2168
5091
7752
1373
1333
649
6937
6507
1683
4035
7601
6372
7536
3853
1767
6468
6217
5342
7407
6903
3059
5740
1656
7197
550
838
2403
5391
2269
1003
2201
4707
4079
2012
6842
5881
5893
531
5522
5656
5569
4038
4819
7033
3150
3988
556
7338
4534
3501
6797
5036
571
5835
1631
4134
5568
463
1229
4620
2560
432
1164
3453
2747
4147
4900
6779
7867
7139
1626
2684
1341
2861
7077
1233
2741
3671
3610
636
4141
7423
7852
6469
2977
3757
132
353
1816
4705
1043
6226
1167
6611
6586
6639
6951
6973
1552
2792
7320
1095
267
6700
6260
4511
304
7729
1508
2224
4076
300
6045
4420
6882
1558
6244
2579
5748
2015
4193
3856
3342
599
6216
5884
2118
4435
1090
3500
460
7668
7803
5340
92
452
2852
538
3848
522
3808
5072
1307
511
1393
7296
2820
2964
4940
3896
5597
7106
2717
4892
479
743
781
321
4075
7684
5120
5015
5667
3127
2235
2599
6357
3613
6631
1745
1899
1461
1114
3351
1472
7436
5531
6529
4879
7024
4371
1923
4288
4622
4560
5407
6775
1387
2115
9
162
356
2856
7896
4024
7056
1618
3103
4880
1778
2722
6256
5125
3312
4539
5376
3661
6931
1099
3371
780
6237
6269
3823
5279
6103
4848
6230
5458
5219
2463
166
6290
7130
5886
4949
4692
2832
4059
6439
495
7976
5303
3101
3942
2416
5058
1257
4916
7028
720
1877
897
3086
6681
6075
3539
2336
3609
3799
153
6965
4637
6474
1443
4924
2076
7822
5618
5878
1684
2755
5760
458
6936
5364
2659
6559
1551
3886
4798
2855
1281
3538
7727
2186
4315
1064
4689
7065
6303
6069
3729
6236
3340
2006
7738
343
3355
5876
7892
1997
4275
6179
2798
5193
3828
6810
3591
4846
4991
4943
6490
4833
1568
6730
5329
3688
7216
1069
7123
7934
7779
3204
6063
6691
1243
3195
849
5415
2529
3270
590
3526
2994
4926
696
7388
3975
2780
2637
7920
1122
422
5562
6353
5101
1325
4299
6677
4105
4014
2552
2660
3408
3165
2093
6333
103
7660
232
2025
5825
4903
244
6675
5252
5803
7539
3321
4476
372
1583
283
5910
6406
1801
1646
5131
7993
7064
1550
6982
1869
23
2709
3874
5716
7014
667
3783
419
2450
334
7758
6206
442
4507
4698
4248
7583
2419
1885
2276
7159
1615
7514
1936
3238
4635
7409
2063
84
638
1152
4431
576
7233
3704
2523
4450
710
719
1781
3247
1728
6108
2886
7944
7563
2064
6735
5254
790
1163
5259
7513
5308
995
4102
4033
2032
4572
2620
3084
6408
4925
6524
7666
5510
3675
1065
1586
1378
3873
5722
122
3520
983
226
3891
7322
2884
421
261
7262
7271
2442
1188
1321
1897
5164
3801
5731
5615
682
5600
7073
5331
2213
6434
367
645
812
6012
1430
1888
126
5174
3562
2592
1645
5208
5565
7566
3739
6999
6969
3670
5826
4088
6637
2139
6316
5545
4859
5013
2272
7759
450
2354
6686
2002
4029
7754
6557
7362
4640
2771
6308
6317
5566
5505
975
4986
1562
4296
3778
4289
1407
2422
4279
7178
1930
4505
3327
7346
2778
7711
6304
7128
5050
2826
5089
6065
6933
4686
6471
3401
6344
4832
5974
5388
3784
2178
5243
2952
2609
5335
4734
7680
1682
3622
163
1349
6710
7009
3464
6254
6309
6720
2233
2525
5439
7444
4856
2351
6223
4015
7899
47
3592
5951
658
6799
4955
1910
7814
5872
6124
4585
7969
4578
467
1080
4770
2687
1832
82
6072
1346
5474
2860
5539
6113
4491
666
7450
4992
401
2546
3223
3761
5012
4125
5962
1602
6169
1952
6029
5719
3214
180
6034
3265
3387
6904
28
6568
5638
1371
4996
154
1476
5730
384
1470
1143
6505
2534
1956
5121
3981
3733
6272
1642
861
7907
1556
3372
1469
5864
6731
78
4028
5675
21
864
7506
998
4
416
6764
1425
4068
976
1496
7891
1980
533
7725
4651
1925
426
6281
1296
4160
5226
1687
4381
3412
3673
4906
4110
6912
4506
1592
457
3263
3134
7282
3280
3691
7290
1973
4847
6717
6376
1253
3533
3044
2048
492
2151
3930
2665
3612
4757
7594
1396
4453
6727
7795
7019
1157
4522
5901
4725
643
4730
3149
1101
2447
4990
7110
4333
2488
4536
5051
4085
4100
6059
88
6687
7201
7648
7928
7051
1082
6177
3824
5887
3998
4058
1824
3428
3785
4762
449
7881
3170
5029
4132
694
165
7496
2045
4979
5408
7236
7932
5790
4899
4855
2600
7929
5299
5832
4457
3251
3048
6915
7763
1761
5606
1354
7693
15
6424
1724
241
4669
4447
3258
855
3528
5069
5097
1309
297
1742
2864
2415
6758
1460
5148
4273
4674
418
5692
1964
5224
678
5789
1421
7875
1921
1050
3946
5766
144
778
3911
5296
3465
3698
6367
1994
7364
4629
7213
5720
3721
539
1169
6140
5855
3116
7141
959
6749
7595
689
4418
2622
7265
