124
276
414
211
112
25
413
105
506
727
622
607
534
356
796
689
788
766
279
720
704
458
162
821
839
151
88
150
388
207
467
166
432
242
183
231
632
763
967
902
820
462
659
503
642
464
882
186
504
58
267
365
672
348
408
656
66
830
322
679
913
15
416
26
614
272
706
853
194
779
761
304
799
491
940
476
615
168
850
27
678
894
450
560
892
721
59
461
412
270
87
971
757
284
397
996
445
593
771
473
508
886
492
843
591
318
316
372
858
863
486
97
756
790
658
609
437
696
643
776
898
191
294
789
541
668
943
478
611
621
819
606
64
248
353
302
296
387
722
782
0
841
475
793
363
442
900
440
119
743
301
139
249
837
114
293
653
709
526
636
457
44
176
410
890
470
557
823
310
889
253
959
554
938
83
148
869
384
719
769
435
970
149
84
484
649
1000
1
36
411
855
852
916
646
481
535
893
881
728
768
263
52
391
225
787
369
538
319
23
634
251
522
167
640
730
485
126
362
932
308
724
157
39
831
602
385
125
842
127
222
465
873
298
19
152
65
12
295
290
235
899
305
426
716
165
329
548
671
703
699
130
161
600
874
570
908
101
303
759
758
265
212
795
955
228
694
867
480
262
760
81
876
175
192
104
531
878
762
992
285
469
731
995
60
828
832
578
663
407
734
140
749
848
22
415
117
562
70
937
182
545
552
297
712
780
448
29
209
575
289
994
381
250
684
515
524
402
935
200
99
447
856
988
726
597
686
961
327
113
750
71
924
256
664
825
688
342
497
569
751
962
144
28
629
963
868
489
232
991
584
234
120
647
707
328
226
314
624
871
987
24
982
604
516
644
418
815
566
195
118
947
772
280
399
601
240
951
626
380
844
555
662
813
565
72
56
561
675
428
421
822
16
824
501
737
741
76
496
78
275
804
953
698
378
774
315
389
259
510
520
785
156
928
547
700
533
740
715
181
954
241
334
75
521
875
999
786
5
42
616
550
577
512
40
980
705
784
214
394
205
637
808
946
133
918
100
6
608
697
223
835
102
266
374
431
487
748
427
93
958
273
540
885
8
997
230
178
490
364
794
641
673
884
574
155
870
482
914
288
573
527
745
260
278
619
633
96
903
638
325
717
915
7
439
375
500
948
635
255
617
425
627
424
926
341
620
355
224
401
742
746
846
888
449
35
417
965
847
660
185
583
729
559
519
576
131
335
581
286
818
919
925
47
585
623
49
645
358
141
349
692
960
110
299
116
588
466
711
514
725
32
905
419
154
237
543
123
579
910
499
909
323
979
826
82
55
812
594
509
392
177
446
805
605
269
978
477
985
163
525
359
62
849
895
797
368
495
300
654
74
810
972
258
676
929
736
973
718
650
386
320
589
975
710
340
291
783
158
453
764
111
383
568
98
854
927
346
989
513
373
395
21
733
244
330
956
57
77
196
142
582
13
556
523
998
840
674
553
872
179
587
883
836
423
708
46
344
456
599
472
669
287
687
558
208
153
528
571
129
877
245
934
201
10
906
95
187
128
695
563
268
438
203
336
11
160
834
809
324
755
713
198
984
132
172
247
610
792
941
564
879
441
454
990
17
313
945
283
164
31
505
366
188
488
406
219
173
529
51
254
311
803
798
371
651
817
964
493
807
747
459
974
171
625
376
236
993
350
37
206
648
502
404
4
931
321
106
143
54
880
460
159
331
618
261
63
532
217
216
197
174
922
777
45
923
754
147
202
367
539
361
233
861
326
109
67
657
434
930
121
451
332
897
420
551
85
103
115
677
90
282
572
357
732
530
409
218
53
180
136
184
949
68
983
199
193
738
702
92
544
433
859
682
345
952
901
354
791
865
933
739
351
981
851
403
586
613
921
347
221
429
765
2
9
977
690
452
169
896
463
281
61
239
94
400
89
781
137
138
518
590
170
50
911
122
753
108
857
189
845
73
18
190
377
681
907
317
670
41
537
443
939
246
370
498
773
802
34
338
86
145
422
210
390
827
494
430
257
701
661
595
309
48
536
862
860
752
652
806
337
479
339
204
405
866
38
271
950
542
735
628
667
685
229
944
69
666
770
14
778
398
379
507
396
596
683
936
134
986
382
800
468
814
277
592
957
639
665
312
833
891
969
655
91
968
274
352
603
920
767
612
580
966
775
887
829
483
864
598
723
471
546
30
511
135
80
744
243
306
549
213
107
292
942
33
20
691
215
517
693
838
816
220
917
631
252
912
343
444
714
3
567
811
264
630
455
976
393
360
227
79
333
307
680
146
801
474
43
436
238
