101
1663
671
826
2765
1330
137
2133
2436
2319
2409
119
1562
649
1525
1297
2910
262
1962
246
2914
2663
882
2181
2732
416
1281
1580
2309
1397
802
2450
2854
1189
172
1873
1270
2332
444
811
2773
1028
2429
468
1977
1718
2603
2307
585
1907
130
1479
1158
547
1935
1800
2101
1548
1679
1498
2966
1465
2837
1090
2892
1913
1431
2363
393
1095
963
2487
1066
2410
1550
2231
2797
609
201
808
1373
2767
904
462
120
1999
45
496
550
1445
2942
2148
289
1255
2294
2220
287
756
1500
2939
431
2189
1776
2293
149
1344
2839
2622
1299
1736
2106
1040
1122
2930
544
176
990
1510
913
2950
1952
2191
2624
2672
521
790
1811
1048
819
2594
14
1016
1215
2559
2521
1383
1462
2696
1474
2581
2242
562
2670
1680
2840
871
834
2692
1235
905
2138
1972
1699
1993
849
1836
126
2263
2606
1089
1508
1669
284
2471
1456
1018
2285
1791
600
422
2695
218
1566
2165
1181
2592
2788
2135
2473
2781
43
1374
686
195
1625
1333
1250
2266
1329
2685
1273
2761
1207
1210
1643
1393
2149
1874
1279
371
770
264
2085
155
2888
2510
2706
1751
672
80
1954
753
1087
1246
66
1711
2354
2493
2301
2824
1992
2669
1892
1561
2608
689
614
1233
2188
1342
2906
1882
1698
2461
2223
1917
1908
2465
2232
673
2921
2084
1980
717
978
1648
1756
2478
1249
1524
1301
1540
1318
517
4
2615
2130
1678
2515
383
1468
1646
2499
260
2224
1455
129
1188
2203
2119
2744
1109
2657
1363
450
1766
1502
1861
2072
859
1889
2350
2102
2296
1619
1589
346
715
2745
23
305
1807
1148
2352
2730
582
970
1967
2653
2852
2964
1343
2859
1793
2166
1862
1411
1120
2922
1552
436
386
2259
711
545
2812
388
539
384
2801
775
253
1459
972
2547
1759
769
661
1170
1026
358
1831
757
690
1437
1801
1271
492
925
2729
893
1938
2818
2902
899
643
1516
1668
1355
1035
2064
803
1232
480
1368
1607
1894
1661
1496
702
2501
2164
1094
2847
2691
1820
3
1461
1851
2832
2104
556
2747
1159
2206
1223
1677
1901
635
1995
2201
741
735
2040
1784
294
2838
2716
2399
42
864
1922
1174
2870
2518
5
2995
165
828
2948
725
1168
443
2907
1150
1622
458
2924
191
2262
12
440
2288
835
299
1571
2439
1592
59
1331
2725
2025
2963
719
1253
2508
1054
2699
16
1146
2983
2711
2475
239
2815
2555
729
2131
2193
611
2682
1359
229
838
2323
483
225
2567
615
2209
552
2252
1683
2610
1557
2145
2698
324
1234
2984
1672
2639
1890
203
318
2048
2391
2385
2927
1284
1936
1636
2437
1266
1563
1480
2364
2240
2417
996
1923
368
2766
1400
763
676
1216
1676
2317
1909
2152
634
1628
2619
598
2047
2217
945
818
347
906
1727
1042
486
1208
2277
1163
1827
998
2738
110
786
784
75
2272
883
2389
1878
565
2200
2721
103
751
2548
723
1227
2935
1652
2216
128
1219
2787
877
779
459
2113
1944
221
2015
1695
2664
138
1950
1961
886
333
956
1336
1978
602
245
1322
2447
2041
2214
564
1221
633
28
2655
1637
785
2198
83
2554
2524
1337
378
1288
2718
2827
2739
2283
566
533
2828
1287
1854
2229
874
2919
791
285
2693
2172
452
2897
2154
107
1758
2511
1027
2081
2039
451
272
337
2543
1572
1194
1932
2512
1966
2375
1491
2336
2424
1754
2444
1943
2560
1631
684
2552
1735
924
151
2853
61
2020
139
949
1154
2411
2382
374
2873
1981
2604
662
1320
2043
2315
67
473
2392
1513
2371
509
1689
2267
2563
1850
2030
591
919
303
344
2665
2425
2601
282
1819
522
135
722
1810
2421
2124
232
1228
1762
758
2202
739
2636
1438
2452
7
2882
2900
17
1506
2689
2798
474
2142
857
1951
1973
1038
942
192
1783
512
760
2028
1499
718
1492
773
1097
814
2566
2843
842
928
810
150
2167
323
726
1147
880
804
993
2500
1931
2248
2386
85
1839
1083
2640
1375
875
1132
1334
2076
806
2820
1381
1511
2959
1100
2802
1927
1693
2079
577
205
360
1325
1918
2146
2268
2527
703
574
1667
1624
1091
325
426
402
2520
1570
328
208
1798
2944
2482
1863
292
1665
897
1651
1817
1600
1635
2856
2271
2346
2058
2253
1887
1341
2671
2190
1088
1520
2514
2174
1743
2325
2454
2644
180
2544
1317
846
2230
2186
1084
166
653
2420
947
630
2863
327
2057
724
2228
1536
332
2182
1365
2211
501
1585
144
981
1567
1658
2387
1742
1910
1494
234
2431
153
2006
2982
2092
2776
867
419
2943
396
744
111
2917
86
1618
1581
1613
1469
1575
1237
2877
1630
2143
471
971
1814
1436
1307
469
1750
1349
1528
1920
2546
2339
464
1728
2177
2565
1568
2522
1546
2403
2249
1326
1902
776
2674
2792
2635
2714
1014
1413
518
645
1352
2623
2016
1684
2722
1267
2752
698
121
2096
1443
764
391
967
1928
2768
177
448
1289
2789
519
2874
2811
693
1139
2394
1991
1681
1063
1389
2278
2071
1867
2992
2303
2280
2593
939
2587
364
58
1324
482
1782
731
2086
1306
2616
1053
1739
1794
104
1327
1638
1604
1369
2656
1478
712
143
1390
252
870
1076
2122
2772
2595
242
2291
2749
1740
1640
1214
1377
1515
1242
1141
1934
953
1512
2222
187
2955
1068
1685
2893
1047
1554
1239
2326
1052
2257
2183
936
343
173
2033
1101
2204
926
65
503
2098
412
2359
498
902
2423
2484
1969
860
2975
1816
1948
1692
2754
1701
2140
286
798
1682
140
1029
1466
714
641
730
359
1921
1171
1371
2999
2967
610
461
1985
1131
2480
377
2611
95
1602
706
2237
1664
1058
1447
1519
658
2570
843
813
2173
2212
1919
817
1822
2367
1004
912
1376
1606
10
2432
1965
1036
1153
2446
1283
1152
2585
542
2324
2901
295
909
1778
754
740
2481
1231
2255
309
2876
2760
2089
930
2936
1752
1597
2857
171
2775
1662
2111
204
697
1439
79
2841
408
1407
2479
2680
650
674
1280
854
1454
340
417
2331
2562
1804
2941
134
1988
546
1823
306
511
132
2756
765
2261
487
1129
1704
1785
1605
738
2704
2327
1378
2029
1008
1852
1868
1654
593
1017
2770
637
1191
2723
1002
261
2468
1700
2032
2605
183
2490
186
38
2453
682
734
1252
777
2957
1614
1243
1565
1703
300
1891
25
900
632
1143
2503
1312
957
1432
721
2782
39
2949
1401
219
2347
2551
2759
1093
2681
2333
74
2265
2180
792
1005
399
279
2836
237
1198
2469
2377
1772
355
2974
1220
2620
2276
553
2831
1164
931
2260
156
655
652
2049
2817
243
1265
1906
572
1294
2013
2351
622
2134
590
1476
2952
1039
2055
589
1244
2833
169
2082
2809
1788
1983
2046
1357
1031
157
489
1203
2574
1616
2349
2306
660
2700
1033
352
0
2121
2979
2912
2195
1517
1290
2379
781
223
2867
567
2226
705
1240
136
1470
1942
1229
669
1812
29
2731
841
1990
453
1385
1603
367
152
2334
1386
1316
1025
1272
1837
1011
569
1641
2314
800
2302
861
737
2816
2864
2646
1773
943
1457
2170
2960
2448
2778
403
2911
2719
505
1350
2115
2495
2109
2805
2763
1763
1688
2284
1309
2537
2844
2357
866
1160
1356
2842
2953
1361
946
778
102
1136
1514
1518
1421
2808
2329
1576
616
356
2483
1346
789
275
93
2415
1875
932
1410
1849
2116
2733
1994
2951
508
2045
290
1821
766
2835
1360
414
78
1558
1504
1082
372
2108
1846
1748
2617
193
2074
1183
2361
1142
2463
2019
1696
342
24
2654
1489
381
1472
2589
2533
1881
504
666
2187
1976
1610
755
2396
2328
2532
917
549
2035
894
559
2923
1197
1295
1319
2171
47
2234
428
1824
2440
992
1731
2981
1964
685
560
2878
829
620
606
1611
2414
1725
2208
720
1217
1805
592
1579
515
1741
977
1262
460
117
2539
2887
2883
1304
527
888
2813
2525
406
1098
240
2243
1107
100
87
524
2129
2720
301
642
2063
1713
1311
1813
2398
986
283
2360
1866
1115
1615
1256
1433
759
1464
881
148
1507
1586
1394
1726
2758
2645
624
1786
548
2010
2099
1847
707
520
94
2295
969
479
927
951
2647
146
2311
1180
366
663
1675
433
322
558
1451
2764
2141
1997
2708
695
2866
2668
2304
2925
249
2694
1674
1302
2376
99
2289
62
1199
1485
297
1224
1653
587
269
1310
570
601
1542
361
2822
2318
2080
2233
799
2988
231
1660
2308
1537
683
365
2419
1697
1328
2637
2507
163
762
528
1806
980
640
1533
1627
1549
1264
2341
2676
644
199
1296
57
2162
244
1749
2286
2868
2412
2292
2021
2850
2978
2684
516
123
341
449
513
112
353
1970
2561
794
1412
535
2677
668
960
2103
2185
710
133
889
387
495
667
2258
2997
1900
701
2196
1705
1733
49
424
626
1409
2799
1629
2246
1522
2179
2734
434
1049
2299
1225
2584
197
2849
1277
1192
1057
1744
2486
628
665
2627
19
618
1172
732
1911
1226
2564
2526
2065
2915
530
1989
106
1956
2727
1165
302
1212
105
2829
185
1092
1888
586
1538
1779
349
747
968
2534
1426
2090
2741
2735
2210
1428
2905
2631
2618
964
1753
1071
18
1370
241
1657
411
127
2872
1260
2117
2445
2107
1444
2965
2931
2609
1755
92
2713
1986
2144
46
2803
2895
1818
1414
2381
2814
1398
1577
2401
31
557
1483
2369
709
2313
975
1125
40
2697
1123
680
2973
33
1574
2659
2428
2459
950
1340
196
2858
2269
1104
2860
2679
1481
1545
354
955
2502
2356
2970
1560
397
2435
2316
161
1230
2783
1467
1939
454
852
821
1041
1112
2083
895
1787
2851
613
2909
481
456
1358
1503
787
677
413
563
316
277
855
1803
623
1904
2980
2791
1871
573
1587
226
1085
2305
362
2388
60
1162
2017
251
2971
484
1417
1061
1056
1941
1573
2418
170
2100
1321
987
2264
1379
1770
69
463
1404
2913
1238
2599
2
1354
1886
2757
2649
1291
1775
2197
1156
1595
2961
2393
1996
2384
1841
1738
34
619
1761
490
2163
2848
2374
2338
238
832
44
2641
1708
1832
2373
997
1765
1601
2703
920
488
1292
181
1196
576
2153
937
2310
1840
1471
2256
2239
1723
2344
1102
555
2795
375
885
1009
2150
51
2014
991
1007
2053
935
2273
224
1193
2638
1078
2477
2591
2968
2159
2886
1650
2947
125
2470
2612
1848
807
1541
2869
2926
884
1186
840
233
145
1050
694
2505
2205
748
8
907
2755
178
2422
2796
2558
500
22
254
1716
1384
1802
1382
189
934
809
206
395
1830
514
1450
2052
659
1176
2969
1023
568
638
797
2077
1202
959
1178
2985
952
2597
2120
259
405
1896
389
1177
1
2330
1623
2550
1712
1446
2460
839
1135
2088
439
1077
213
263
385
3000
379
1070
1884
70
215
1313
2535
795
312
1308
1127
1037
2427
1717
330
2573
995
1526
2916
2097
216
13
2834
1118
164
2406
1064
1113
1855
1106
579
1190
304
2126
675
532
248
212
1137
227
2219
108
26
2784
273
688
2489
2022
222
2884
1721
228
2528
2643
1108
1719
1769
647
97
288
796
580
2777
336
41
1757
1430
2156
1495
1730
55
1559
2541
2519
1649
400
1420
1815
876
188
529
989
692
2407
1926
1916
2588
2614
1853
1179
373
1790
1734
390
2998
1509
1282
2516
974
1539
1582
1022
2596
2218
1795
2474
1263
1551
2845
2372
1686
1947
1946
1151
1634
1157
958
774
258
122
2368
1081
2746
6
2494
2442
1594
32
2977
2044
182
2060
2128
2042
1116
175
2690
326
976
780
2397
2390
2751
1617
1799
1777
2810
2215
745
1044
2157
1166
2549
750
1003
2662
2378
2529
317
1490
2069
236
2003
1167
1247
1872
801
1626
142
1659
1633
1435
1535
1019
823
1897
1000
1416
467
2078
2602
1452
207
278
833
1488
2300
954
1323
230
1335
1858
64
2928
984
1275
713
2270
2513
1879
2726
1345
2871
1940
2675
1876
457
525
2467
71
1644
629
1609
664
1114
2362
2002
782
250
2383
608
116
1051
446
1305
583
1865
2660
1205
2320
2036
392
98
36
2786
2160
1780
2934
915
1645
2728
868
1315
2125
941
599
255
313
2989
2625
2127
477
1034
2688
1860
761
2405
1074
844
2634
1714
1987
1086
1427
1974
2169
476
1169
961
657
2282
604
2958
2037
816
2628
2353
966
752
1982
2227
409
820
1530
1666
179
1998
2600
2523
77
2956
2151
2582
1857
2087
1060
2498
184
2642
2652
736
2254
2875
2075
2630
335
2235
1293
2881
1460
607
2274
2380
2094
338
2715
382
636
700
429
472
357
994
1883
2358
2579
311
2059
1006
2830
2207
441
1691
162
1781
1059
896
1869
494
2626
1834
96
2464
1955
1209
612
2492
2790
948
296
280
1422
1673
2889
2070
1729
174
2458
1632
2426
1746
194
1424
465
1126
625
898
1484
837
2621
1298
281
20
256
1245
2366
2312
911
1032
118
858
331
1429
617
1099
89
853
1276
2996
561
1859
270
749
2466
307
1405
2865
2009
2742
2073
631
398
1258
114
681
2056
1339
1012
2737
475
2779
2557
2175
1144
2940
1419
944
1747
124
2748
2937
470
2607
334
81
2891
1671
584
430
84
1523
2031
159
2673
1745
2580
2051
1808
2321
1065
1010
506
1960
2569
315
1347
1984
1184
2650
380
1556
1392
1211
2648
1402
2553
63
1387
2632
1236
1737
2147
147
1809
2590
1826
1338
2400
274
1200
999
2710
2826
1487
805
1001
2823
276
2990
425
2701
2413
2804
1463
2472
2896
1912
158
1958
727
2443
575
370
827
929
783
2780
2155
716
1124
2717
1117
2750
988
1403
916
1182
1278
2709
2137
687
1441
1367
869
887
2879
348
1161
2355
940
1771
507
983
1501
2457
1709
2402
2920
2238
418
2586
1486
2568
266
2794
1442
2598
2774
1395
1774
1953
2221
2651
168
1119
466
1893
1842
56
1642
420
2771
1760
1930
1722
670
502
235
1425
2538
1072
2556
329
2455
1707
768
2683
1599
1724
534
2807
648
376
1069
1013
407
90
2343
82
2945
1838
2861
1553
742
167
2938
646
1300
1591
2821
2575
369
497
979
1274
72
1797
1555
339
2161
793
1877
2578
923
2342
2987
903
1497
351
2275
437
2880
537
1348
922
211
2250
271
2890
2408
1612
1213
2068
1121
1380
1933
1248
53
2497
728
438
2530
551
850
345
1396
1423
2132
1844
918
2753
1103
2018
1399
1418
1493
1362
1593
1046
1949
1895
2297
1929
2954
1655
2225
1706
2736
1527
1903
2846
2972
1391
2740
1173
2245
321
1406
2933
1596
1670
1175
2769
1534
822
743
2462
1187
88
1185
2885
2337
1075
1353
2192
1899
1543
1138
892
1482
491
2658
2093
1105
2504
921
1285
1415
427
2335
2105
531
2545
1547
2491
847
2062
772
639
708
2011
319
54
1218
2449
2946
247
1702
2806
910
2114
1110
1140
2012
862
1915
320
2007
1079
141
2932
1590
1843
1073
1945
314
1898
1020
704
1856
1845
2705
267
812
363
2531
1835
1569
2365
678
851
1332
1583
1828
2991
1195
52
2666
985
1096
1885
2139
1477
691
1792
679
1687
2024
1062
15
2213
1351
1521
1647
109
1155
2496
308
493
2908
510
1149
2904
815
2038
2509
1937
1453
699
154
478
879
908
1475
1529
1366
91
1015
578
856
873
2433
588
836
76
973
35
830
1257
1045
217
1372
291
190
1251
1145
200
581
210
50
214
597
115
1864
2488
2184
442
2994
2112
1303
1067
1608
1959
2298
656
2091
746
825
1024
2000
1796
1532
2290
1710
2724
48
1768
1259
131
485
901
848
1128
605
2026
2247
541
73
1544
1971
1505
268
1206
2395
2244
2008
2993
455
788
1388
2118
2430
2855
914
1925
2678
1314
1584
432
2485
2168
2962
554
1134
2322
2456
1408
220
865
2340
962
767
2633
1924
2061
2540
1043
2629
1531
1715
310
536
2194
21
2095
1021
2348
1656
603
68
2862
2054
2034
30
2241
350
423
2929
415
1261
1621
113
2542
1620
37
1111
2023
2176
394
2986
938
2517
2686
2819
2707
1880
2825
2027
202
435
540
982
1448
2785
2800
1564
2067
1975
1968
1598
1914
824
198
2001
1639
2667
621
543
447
2451
2404
2576
2743
1286
733
2416
404
523
891
410
257
209
933
2894
1905
2536
2066
1720
9
1130
2345
401
445
2287
2178
654
2434
2976
1578
2899
2004
2583
2123
1957
2712
2898
1268
1789
1690
1080
878
831
1870
1254
2571
890
2687
1222
1449
526
2918
1694
2793
2370
1364
298
265
1473
11
293
2158
771
863
2438
1829
2005
1732
596
651
499
845
538
2613
2050
1458
2281
1963
1825
160
2236
1434
2279
2136
1030
594
2251
2441
2903
872
1833
421
1201
571
1204
2506
2577
2199
2702
1269
627
595
1133
1241
2572
696
1979
1055
2110
965
27
2476
1588
1440
2661
1764
1767
