2771
2699
1335
5798
3690
2383
5478
3037
4275
1830
1701
4058
1966
1925
644
4982
3517
3552
2487
2491
1898
4646
589
6
523
4157
3445
3346
595
2336
848
5660
959
1778
5512
3790
4280
199
4454
4198
1654
2128
2182
3679
1743
4161
2703
524
2039
5247
2674
895
3838
3108
5439
2635
2292
382
3215
1826
3325
5684
3327
2251
81
3380
121
4587
1251
37
4312
36
2450
193
5823
1930
2355
4588
4666
5242
387
777
1724
3801
3126
4582
3410
2189
3098
3868
3654
4875
4963
242
5180
3157
4776
665
1740
2914
1580
2906
2087
3852
3677
3315
3413
5664
2235
4244
4407
5118
3833
2474
315
998
2329
5930
4657
4103
1497
1565
4767
2437
2314
513
3242
3890
5249
3822
5696
3260
4384
3548
4272
4417
1278
4230
1281
4193
5543
2979
1394
3718
3361
2163
5322
5470
3519
2234
3257
3520
2466
4089
4465
2453
472
3050
1192
2696
2263
4861
4242
139
2242
1828
296
5275
1608
4011
957
3615
2434
4364
1883
4420
2342
5838
1900
1566
5826
4934
1697
98
3680
330
4888
1421
5764
1425
2245
353
4810
5993
5611
5576
1947
2270
712
3648
1326
2236
2758
5695
2257
4955
494
5208
174
935
1085
869
3339
5907
4016
4167
5014
585
4565
3884
1933
222
4838
370
529
3303
2424
2748
4068
1142
4924
2769
2630
57
68
4183
538
226
4130
3674
5956
2736
2667
3343
2469
4481
4276
5480
5511
2034
2541
5479
2193
5698
4664
5377
2410
3925
1117
393
5935
1140
2322
240
1833
5036
2661
4450
5098
4486
3636
4978
878
643
5293
789
986
5327
180
631
5397
4044
3798
3700
3216
629
5745
2284
4721
2077
5034
4799
4828
4106
5595
5132
2041
3373
3557
4186
2300
3504
244
2403
1850
5127
3540
271
1853
4689
836
826
5212
3024
5800
1639
212
2013
5398
1490
3778
1968
2369
4970
5714
3019
5364
3757
2412
3819
1920
5847
2587
5008
3965
3936
3647
4437
3363
114
3625
1716
1695
2926
553
5605
2088
1204
2734
3347
1820
2518
308
726
1995
922
3179
753
3342
5526
2928
2827
2157
793
533
4837
3558
5259
5694
3496
5919
2464
2220
3980
3905
1199
5502
4601
5950
4194
2746
2564
5989
4187
2531
4864
4085
2999
567
2552
2844
559
3030
3243
3710
1899
4737
5712
4603
5588
5053
1036
4766
5560
2079
771
1543
4383
5981
4091
765
4055
2780
3979
3190
1244
588
4846
5746
4045
5213
5693
1028
5142
5073
5154
448
3044
1170
1696
3642
907
3595
1558
5308
3378
25
2943
4930
5551
3600
722
151
5527
3165
512
3174
5292
5508
2000
5426
1206
3815
1270
368
6000
3160
2704
4658
905
1314
301
2968
445
4883
2477
5809
2511
4877
3455
2522
1528
2985
184
2586
968
5789
4897
2118
8
2281
1305
336
5667
2846
1691
1511
4876
1595
4388
516
795
3768
2017
442
4137
806
3650
3232
1417
2323
1482
2865
3529
3391
4610
4679
406
1972
2793
3493
5369
5506
4349
3474
4355
1179
2727
2546
650
2707
2169
4059
2287
1729
3591
147
4343
1091
1232
324
280
2295
4785
4895
1559
3405
1909
5522
183
2185
4557
3775
3197
4429
3967
2062
3911
846
5194
1191
2154
3369
5501
259
2947
341
3096
4185
228
5336
5562
1607
5303
4804
4623
1880
3827
1399
1161
2027
622
4333
5546
2003
3014
4308
1553
5593
2224
932
830
2913
678
4327
2448
1677
349
5719
3836
3213
3155
3840
4023
1702
1704
5404
2123
47
4952
1952
4292
1109
1477
960
997
859
1493
5913
3835
1044
5908
4740
3604
1707
5833
5619
4600
2363
4273
4022
1957
2423
2476
356
4108
1502
4493
3617
5133
4411
4351
3993
1415
1157
1376
4118
1468
1668
539
357
4269
1994
2782
3021
1332
2470
4451
3873
2467
3453
1662
745
2016
3162
1768
3483
3035
2248
4881
574
1772
5031
4995
3062
1741
1008
4960
2664
5204
1336
3466
5835
2515
2030
5189
783
3412
1847
1991
4418
1578
4088
3138
3467
1210
4025
10
446
5100
2693
1024
2571
4304
2413
5144
2542
272
3846
5921
5736
2973
3897
3941
255
5410
4123
5226
5123
3344
2053
2754
4419
3716
231
5726
1252
3547
258
1160
2486
2904
2444
1439
1694
4400
3210
3992
3074
3568
3351
579
551
892
2983
1656
3932
1202
5531
5871
3194
189
4573
4008
4645
166
1139
2335
5086
2787
4966
2941
1785
2490
4369
747
1596
5453
118
4224
1442
2590
1538
1727
3422
708
3031
1122
1379
633
1610
4730
3383
1159
902
1033
5830
647
2302
1762
129
2396
4094
113
248
1260
2775
3140
760
4979
3514
2691
1311
3172
1931
1461
5092
4047
4458
5406
1411
1780
981
3245
4024
5932
172
5191
2372
2308
307
2249
1739
1798
2583
1679
1444
1010
2043
2556
4793
1144
3902
576
3090
4403
306
1759
3922
3471
4
888
532
3808
48
5940
1294
2180
4801
5790
29
3621
5462
2090
4017
154
2429
5879
3804
3205
5904
5454
2524
2506
4948
67
3991
4254
1429
645
3142
4604
639
2391
797
2402
801
899
768
2214
4900
462
63
3828
4035
170
1295
2901
3082
4936
5861
4983
3189
4030
2331
2473
316
80
2442
1218
483
1189
2767
2498
5977
3842
1979
816
250
4402
593
3721
4716
5087
4553
4298
3985
3042
1045
4148
2946
1229
3907
4495
453
3137
1084
282
4196
3974
3354
4466
3714
3326
5818
961
2712
4807
5888
2621
4158
4127
5094
5504
5316
4251
5296
4938
3129
3091
5867
3212
1090
1007
2527
313
314
3143
1914
1903
4825
3356
4774
5043
5540
2368
2267
4112
1832
3733
4073
5156
5758
5345
2676
3981
2268
4188
1604
5472
3498
5655
2365
1249
1341
5493
131
3404
1378
2889
5023
2069
478
5923
1236
573
2948
4087
1357
609
4080
2346
1130
2770
3886
4206
5724
1319
4698
5399
265
5648
4303
3758
929
5432
4195
5109
5880
333
1599
730
1845
5530
3432
1262
2740
4684
3362
4515
4820
1911
2967
1128
666
4651
3492
4772
2341
321
781
5952
3451
4398
5021
5886
2911
267
3638
4667
5
1242
434
3560
2432
3084
1290
2085
342
2828
2876
5751
101
3910
1517
947
4649
1951
1649
5754
3187
5412
5898
5782
4617
2376
1164
5944
4432
2124
1977
3556
4915
733
1193
1572
3488
4503
3337
3958
5080
5802
2203
4447
4221
4878
1738
5343
596
5874
2785
444
2601
3683
672
2679
2482
4237
5946
2201
5048
2018
2658
3408
4151
1665
1981
5234
5980
5659
5801
4844
2262
5645
5232
3724
1454
1098
4324
5079
881
3605
3784
2539
4590
414
3697
5552
2130
4977
247
5332
1660
2687
4144
5520
1684
5339
1539
1875
2881
5230
950
5804
2198
964
1297
122
3338
4405
1009
2763
4294
4709
2970
615
3661
810
1973
829
3472
2569
411
4271
1535
346
916
1733
3473
3390
5084
1310
2705
3222
1617
331
5941
3927
5355
3218
5271
3340
860
360
4683
2783
3955
2588
1324
1763
2261
1609
254
4532
2259
1092
4277
5311
2517
4752
4497
2815
1503
4615
1777
5056
5374
693
2666
4987
5417
5484
1887
2825
746
5859
875
1102
3379
4744
4998
4898
42
5042
1823
3989
3929
458
1224
2095
5210
2058
3739
2956
4564
1017
225
111
1518
2994
1320
3713
2060
3588
1111
5987
3495
924
4849
3460
1491
1588
1746
3893
2317
661
2898
2817
5005
3465
5217
2529
2425
431
169
1356
3521
4916
4991
2868
2776
3952
4172
1796
5788
2456
4917
577
5067
3491
3398
5579
3988
95
3612
5972
3238
1862
266
4902
150
2038
5836
2020
1082
525
3274
4879
2033
2274
5916
500
196
2755
5107
2860
2337
2213
4512
3374
3823
5383
2015
1113
4921
1005
940
773
4592
3545
470
5554
1791
1419
1730
1629
4452
1999
4219
5120
1413
5049
3396
2798
2505
5307
951
2739
5665
4489
4734
5306
5269
3874
2957
5777
1817
2408
303
460
675
5018
4794
3112
1466
2849
847
3532
5948
566
754
5779
1756
636
1726
4119
741
5400
2066
5184
1575
5001
3045
4859
2951
3900
5656
3921
3763
5703
3611
3421
1685
511
4129
489
1068
2820
1961
2912
2065
1857
2183
1322
1618
4141
4673
3749
5301
4039
5463
58
1854
5808
1254
1690
2625
3093
590
2102
1456
102
2537
988
54
5277
211
4382
889
3883
56
5708
2682
4830
1219
1083
4717
2668
5727
4578
2871
1570
5732
3409
2792
463
1200
584
2694
499
4335
809
2324
1349
4858
496
3032
2721
3490
1386
4593
5670
637
2454
4415
1550
4862
3524
1600
2400
3085
1002
2507
3182
3817
978
2605
3322
5686
1123
798
3800
1955
3207
736
3858
610
2435
1072
2226
1642
5105
4782
1794
2059
5167
5853
1035
4166
3200
5632
1871
5783
1905
3161
5026
2007
3286
2653
3559
833
4809
1917
3041
1865
3623
3864
3695
2907
1584
2390
3851
2874
3298
4522
3294
1562
857
4621
4880
2514
1313
4077
4120
3923
3364
1207
1813
1725
3850
5876
5223
2056
269
3059
1212
428
5165
3329
815
96
1182
5265
1948
2648
2155
5500
5842
2047
5803
5054
4681
1391
4328
107
1196
5125
1063
369
2842
5846
4061
3302
4792
2650
417
2405
3665
1986
4031
3461
4786
2797
4128
1275
1227
2067
4051
4060
3439
4334
3632
3051
5444
994
5555
433
1306
4252
3442
5988
5261
4594
49
3191
2833
5286
4748
5199
3214
2747
5064
4263
4550
714
5769
2523
3834
4347
3678
890
1661
2923
3055
2796
2963
5438
163
3279
1886
1350
3954
5883
5843
910
3448
1891
1651
1337
2838
3120
2460
2831
3109
5441
3684
3776
2414
5785
3777
4710
1659
4227
5831
4350
76
3596
1527
173
2254
3039
2879
53
326
4381
5725
2617
1208
4473
210
233
2786
514
1868
1895
5224
1540
3007
1186
116
3711
1234
495
901
5158
2888
667
2104
3538
506
318
1822
4899
2483
2345
5967
3392
4438
1013
5901
604
5765
2258
4249
4212
3658
4026
5207
2927
1485
5143
2175
555
5810
2334
2801
5927
871
4468
2438
565
2576
465
2593
5499
334
1473
2478
3277
1516
2572
5626
1342
5012
2647
5590
2407
2530
3401
1809
5235
3712
1943
2660
592
1289
2578
4832
1016
1851
4474
5243
1108
5168
377
351
388
5085
1253
3715
2819
5799
1030
5679
5103
2830
5160
5663
855
209
1634
5346
3857
2750
4037
5550
1180
1675
2418
200
3928
580
4267
4851
5177
5466
4218
1396
2641
4169
709
2158
2205
372
4136
1522
5860
1173
2031
3287
700
2057
1942
3877
1478
3102
2076
1359
1551
1492
4159
2110
1786
1965
2211
3249
3047
1065
1245
350
5624
5718
2969
1167
3088
5815
913
1885
4004
893
967
3283
44
1151
1757
4893
3639
1752
3058
1834
4722
5097
2153
3551
3192
5209
4442
1025
2135
2107
5671
1940
4178
3482
1269
2765
2745
5185
1856
3386
1728
731
3619
3699
4742
1043
4066
4695
3357
4117
1150
5538
3951
2579
3563
5586
2098
3271
2046
5198
3175
5088
1388
5875
1283
1923
1605
3116
3585
5627
5211
3028
1222
1430
2166
4510
4057
74
4771
4231
3964
3797
5045
4567
4614
2950
1450
4200
510
1987
5380
5752
5889
787
1390
2595
3920
2577
5858
2237
5396
1812
3764
3589
3781
601
4842
5583
1567
2837
2042
328
4706
2729
3968
4628
502
1303
2051
996
1590
441
1393
3643
4562
1849
2643
5483
1121
5162
3536
2749
948
1510
5699
1615
1827
5710
3766
421
1315
5734
2147
5415
5820
2231
3708
3407
2319
4572
1678
1273
2100
706
5678
2340
4439
3121
2525
241
4460
2724
4319
4791
4701
5138
2101
1440
2939
2273
1530
662
3317
1414
5004
3686
4283
2350
2209
5450
2063
2779
2843
4890
1338
541
1676
2908
735
40
2959
1431
5730
5075
2861
4589
1985
3996
2006
2655
4395
71
3779
1465
4093
4559
4142
4962
127
734
4537
2433
3318
5928
3754
5474
3414
897
2713
3376
4248
3429
191
5323
488
5597
5101
2596
5408
2726
1795
794
4908
1956
3154
2171
19
626
3231
3335
3367
3387
942
3750
3029
2896
5945
5317
2217
5862
2698
2962
2607
4933
705
632
4479
4965
2929
1990
4932
1842
2802
4729
3759
5300
3856
2384
5153
2512
203
3101
4490
5729
4475
2592
5589
3148
1451
3125
3597
5549
3983
2025
908
2509
1983
5692
3793
5220
473
4083
5631
5711
2822
5447
3917
664
599
5254
5029
4287
4488
4579
2497
12
1125
4234
792
1288
4098
5424
2191
800
4912
4781
90
858
2001
5258
5375
5222
1226
2379
1992
4376
2725
198
4672
3688
4499
941
1945
1135
4027
3289
2799
5069
2900
4491
4994
4777
4100
4228
4041
4337
142
1783
2934
1901
3869
3240
4168
1519
2218
2784
3134
1256
4115
2919
1619
3070
3805
94
891
5924
2835
1061
3384
3659
1076
3881
5150
919
1119
702
3469
4891
4445
3185
2489
1355
1949
2895
4516
1784
3725
1057
1438
5082
1408
3672
2068
497
84
3782
4526
3256
4424
821
5929
5604
883
4819
1737
5456
3348
1787
4471
2313
4659
1576
396
1299
3582
5434
3574
5387
549
276
2612
1705
146
59
5793
1051
2178
3444
344
2271
4476
2559
679
2857
1134
4818
4803
1614
3539
5878
4957
648
403
804
4583
4054
3783
3217
4102
270
246
852
3427
3575
4759
515
5794
1688
3123
819
375
5448
2732
691
91
1115
1347
4393
3845
4092
2681
5152
5318
2585
5246
1706
5575
912
2591
1248
5338
5429
3693
1908
86
1594
2836
696
676
803
2964
1380
1681
2131
4386
2536
138
1776
3656
4644
2428
2462
2788
2184
2743
3978
1944
937
5076
2639
2903
273
3934
5612
3237
5854
1616
5609
2359
4945
778
2697
1079
1825
3820
4949
4612
824
3581
4441
3930
1916
3853
4911
5635
3002
41
2803
5796
5244
178
2695
3982
2671
1971
5974
943
3036
2778
4113
1162
2915
4790
4542
1861
2264
62
425
1755
2174
4894
5997
5270
4635
2632
4255
4203
66
620
5071
1496
1031
2187
1066
2995
5255
5780
4704
5178
5607
5288
1574
1345
991
4736
3772
2706
5961
674
1664
115
77
1407
1137
3225
2533
5587
2093
3229
3606
5359
4702
4778
784
3729
1789
4841
3156
1839
4173
61
2737
45
4305
1293
1655
5283
1626
5002
975
2656
4260
1844
1810
3720
4674
3023
1556
1048
5281
1176
28
5440
5473
4871
3239
3562
4421
894
3987
1282
5202
2834
3645
5578
3233
776
2535
4247
3141
1093
1663
3813
4426
4596
60
2036
616
5519
2980
1436
1264
4052
4189
4293
3454
3912
1452
3311
1792
3572
1960
2972
92
2195
3975
710
4261
5556
839
3774
1441
3663
1213
3139
5637
3443
371
5289
1754
2451
5173
5677
1304
3818
1521
1233
2374
5485
207
3576
3788
721
5128
4719
1745
2401
440
4619
2105
1014
4318
5366
3004
5304
1141
5548
4444
26
3622
3876
5986
4865
367
3773
1397
1470
1653
4065
2291
5422
5965
4184
3220
103
3221
4714
5491
534
5848
4541
3523
4301
1872
4448
1272
501
2073
1980
4947
5013
4213
5416
5055
2909
5248
3269
3105
1012
4500
866
412
4568
1223
2510
3056
4013
4662
5183
5891
5403
4798
2312
3046
4352
5591
1383
5052
287
5284
5291
5690
3945
3417
2781
2642
4463
186
4149
3308
1529
3909
5834
5122
3811
4050
3292
2984
5811
4892
1154
985
719
5596
2005
3437
4217
1648
4847
1512
5192
4028
1265
5475
5011
1499
2074
3946
4140
4558
4944
5585
263
779
2298
1703
762
283
4286
5895
694
2992
4605
3247
447
1185
1998
402
5354
854
5181
2177
2689
208
2905
3957
1099
1064
2199
3246
5620
1216
1351
2132
5469
3624
2768
3573
1487
5257
5675
5362
4671
5252
3280
2097
2545
1894
2519
2008
2092
2622
3117
5971
4727
3765
5599
5431
3250
4570
159
1325
394
493
1481
3273
2960
5388
229
4472
5541
2138
2394
5102
3264
1462
2989
877
1881
3060
3013
4687
3077
1228
5614
2924
343
755
2197
1500
3124
5737
562
3418
5601
2286
5757
1699
5771
1071
2010
5341
3832
3314
4209
2600
2361
156
5126
5195
4751
14
716
2050
4302
2521
3566
581
5742
5287
917
3651
2431
320
1153
1788
2070
660
2380
3814
4906
5206
2392
5580
5495
281
5925
725
5949
2961
52
4886
5072
3406
5855
4204
5797
5985
5707
1112
1620
2975
2832
1988
5784
931
4003
390
4179
5674
245
3664
5574
3080
5219
5455
1392
1927
3393
5268
5356
1525
4412
3366
1235
4850
1058
5509
279
4741
4750
5701
962
659
728
509
5983
2021
435
379
1970
408
4738
1067
3434
2206
3198
4174
292
5510
1793
600
4233
4528
2304
4235
3061
3580
1453
3310
457
5290
5003
1557
2809
3072
1401
2168
422
1339
1670
2316
1864
384
4996
2882
5705
5174
2657
3328
3262
5119
2680
4942
933
3892
4655
4048
758
3616
2285
3159
607
5768
5896
4566
347
2151
4616
1100
4943
653
1155
4313
4336
4176
3304
305
3961
5077
1859
5411
3908
1692
3435
3607
4904
5870
215
4547
3701
3771
2848
4086
5824
3309
2502
1878
2149
4341
401
2933
386
39
4608
5353
3299
5225
1621
5278
2966
2883
742
3806
2764
5378
2887
518
3629
4812
1602
2238
1993
429
1720
4686
5467
3592
4712
3569
2103
623
2357
3449
1963
4696
3095
2133
3433
5750
4367
2851
181
492
424
2233
5492
2141
5610
3020
4595
1507
1964
2208
4661
3705
3424
153
32
2774
1877
2194
4245
3241
1770
4757
1
1056
980
286
1400
5525
165
3959
3312
298
5046
4739
1484
5955
2897
1769
3415
690
4135
2627
1638
3146
3186
663
2415
1435
4264
5897
4697
1096
2935
1571
697
1472
2227
521
1427
635
262
5969
1420
751
3740
5753
3281
5994
2137
410
455
5884
5386
3666
3069
5457
3505
4459
4726
2327
4010
2795
2299
2738
1368
1286
327
3618
5458
684
4632
5958
5922
1547
5007
3226
1258
5285
817
550
2160
2461
3459
3792
873
1505
5295
4703
823
2884
3896
4282
5363
4953
3097
3290
2733
1765
5866
1209
1682
646
2602
898
3543
5507
4956
5533
3267
2436
1672
4181
507
2555
2899
3810
4124
5642
1480
2288
1070
4354
5442
587
5337
3630
1808
856
5513
2584
5881
2616
5490
638
2136
4006
195
3330
1858
4043
5608
1633
4854
813
546
449
75
5335
132
5762
1116
4156
1938
2829
1718
1475
182
3598
4800
654
1636
1437
4574
1266
3971
274
2278
1217
4725
2348
5770
3898
4002
2662
3824
743
2179
1928
1647
3914
840
4207
4155
1385
4663
1073
5743
4464
3375
1721
1169
2720
2938
4436
3203
4338
5428
3561
2853
69
4146
1932
2672
3984
3939
2294
5176
4109
5849
4788
4762
4284
740
3888
3847
3170
531
3601
1843
4543
4007
5821
4680
1967
3860
1198
3219
5351
175
364
2894
1713
752
5516
818
5646
1261
914
4116
4688
2315
4863
5638
4961
5328
1373
1103
2086
2192
4457
3802
4363
2071
4253
5425
2044
5973
87
2362
4539
1524
5025
4090
614
1059
4358
5163
5159
5962
970
3001
3906
4868
1106
1645
5115
3265
2443
1323
2303
3947
799
20
3064
1039
624
2144
3839
2675
1750
5976
5157
1912
4331
2011
1643
2762
3745
3164
363
1669
879
31
2722
5033
2611
2269
5542
2646
5190
418
4504
625
4299
4365
1623
1582
4359
2538
3901
4939
2094
3195
1131
134
2416
2207
3889
770
485
4531
3675
5890
2167
3565
1641
2382
4652
1976
4855
398
5539
405
3089
3620
395
4378
264
953
1863
1876
4822
2188
928
2127
5845
2229
5700
3508
3106
5024
2024
517
3005
4923
490
4824
4780
2406
4563
205
3628
3324
4909
5385
5471
2173
2061
11
5689
4973
4591
4295
3177
5382
3698
2526
3300
952
880
5963
4641
34
2742
4585
2398
3440
3694
5625
3891
392
3377
5577
312
5420
5643
3997
409
3732
2557
3270
4640
4300
1537
443
2673
5203
703
4467
2976
3882
3048
5688
4483
5685
5634
171
4914
5312
2873
4836
3635
1541
2386
5668
3973
5227
18
602
3549
5657
3767
2353
5294
5315
5786
1147
1146
1364
1055
1457
832
130
4743
5216
5900
3962
717
5449
1455
4569
966
613
876
775
4802
5446
5221
2741
4576
1592
5112
1577
2352
2550
4470
3931
3053
1758
4357
4520
4370
5706
2877
4110
2709
4797
2162
1387
2813
1779
1110
4580
5644
239
4067
4150
3049
3099
232
1869
5413
2009
3223
3288
126
2714
3211
2388
1852
3730
2468
5616
50
3128
3676
561
4121
3608
4826
3940
4084
5990
657
5078
1583
4487
1889
5468
3610
2945
3180
1520
812
2447
2974
945
3599
3149
4329
811
399
3166
1719
1037
862
73
1006
5851
2250
2981
5774
5947
2343
3184
5148
4413
1860
3381
253
537
3489
5342
4678
3685
3133
4046
2840
3872
4972
4256
2026
5825
2613
477
1225
2252
845
2347
2553
3518
655
4240
3681
2122
4735
1974
2328
658
4307
1548
1921
3789
4147
2645
3646
619
2072
3640
3313
436
3261
4907
3009
5653
5037
2688
3816
2283
4033
2310
4668
4064
4631
630
4243
4705
5015
3653
1611
963
79
2373
5006
4758
4101
128
4511
4654
5598
780
2574
1674
5436
5063
2744
4647
1330
161
3423
5761
1285
218
4602
3431
4208
4554
143
5389
88
5840
291
3633
3652
4325
2717
540
2493
5903
1221
2902
1545
3738
4843
4869
2910
5572
5563
3689
1230
2140
135
4607
2886
4339
560
1302
2371
5515
4773
4746
5749
5481
2256
2148
3743
3382
2439
294
2804
2277
459
571
3942
293
4556
3209
2156
2728
2573
1767
5096
4259
4549
4075
2677
1296
2570
4586
2351
1132
1747
5906
1367
5570
5068
4081
482
923
5999
1873
575
5937
4611
3010
4180
358
723
3420
1279
5465
322
5394
4462
243
3403
4926
3333
2496
3206
3068
5882
3924
3476
89
5728
289
2610
1824
4507
5816
4379
3372
3915
1011
870
4104
2216
5497
2452
2855
1424
2321
3480
2940
4959
844
5149
4848
1644
1384
1657
4289
4918
1848
1803
2082
1989
2603
5324
1418
2996
3017
5909
3830
5954
4270
1906
5581
5113
467
481
5161
4527
3841
4732
3503
4371
5093
3555
5702
3742
2419
3709
673
160
2608
5365
4315
4896
4981
4288
2115
5256
2420
4718
983
1893
5282
2800
5837
348
3528
1101
3937
1449
4691
4764
820
5066
3268
5099
5537
1019
1797
5357
652
1714
5266
2663
2064
3252
3760
2421
4480
3534
1782
2723
5393
5914
1581
35
5108
5744
4182
1308
3167
1309
335
1476
1501
1003
317
450
4496
30
4525
391
117
2678
4391
3728
1954
373
5792
1163
1363
5939
4852
5567
219
2854
5451
4606
827
1448
4107
5529
5553
2222
4225
3450
185
4514
4434
1544
1555
5673
1815
2598
213
5358
1892
2652
5349
5926
825
3402
2978
285
474
1579
2427
3173
3485
5573
1239
3976
4787
1996
2360
4163
3153
1211
4320
3831
1240
2543
471
1560
1138
4399
3040
4346
3746
1104
4423
4613
1603
2761
1126
1631
21
277
3065
5039
2349
4624
5911
236
2777
5934
2393
2426
4584
1321
1922
491
3468
1658
2139
4321
3916
4105
3199
681
5503
3244
2504
3594
2221
3786
669
1926
2575
2715
2272
2567
420
4316
3949
1698
695
2683
949
3821
1489
1606
640
288
2333
3015
230
1523
1532
3486
5822
3795
5775
3355
3799
3756
5942
828
1959
4813
5915
4171
2417
1904
906
4546
4519
5964
4821
5017
5010
3691
284
971
920
1586
3394
5920
4099
944
140
2686
4139
2358
1890
5241
4416
1094
1143
727
4535
4529
4211
352
1307
692
365
5330
4769
4160
4829
3130
4540
4723
4968
2790
2028
5272
3723
1637
628
1962
3587
2551
3484
3748
544
3150
4993
1168
3494
3306
2880
4629
220
1259
237
4019
4494
1935
5723
192
190
3026
3458
311
5494
4626
1412
1353
3948
3525
2083
4456
4708
454
2753
2614
5238
1997
3456
4882
1277
456
5320
4555
1105
3131
1197
5716
106
5680
5309
5713
5137
1467
4192
4544
4063
3107
5032
759
668
4599
965
5205
4018
2772
5532
2146
2159
3990
2936
3631
4362
4958
158
1060
5766
3812
4980
3481
1635
2847
1287
5781
5709
5995
1447
3535
1089
3196
3669
1978
2651
5841
2459
699
4410
4985
4241
3202
1589
4000
4950
1370
4096
925
5687
2181
345
5887
1488
4552
4505
4392
3470
5807
2202
466
1129
1331
2055
1404
520
4477
3499
4005
3848
973
1184
979
3152
4690
2548
3986
851
2670
3554
2485
527
123
4811
5027
4561
224
2495
2589
608
366
380
3963
3564
426
252
157
5669
5058
3478
1118
3770
1022
715
2463
738
4125
1434
4072
748
2812
2190
606
4856
2244
5022
3479
5998
1074
5682
3253
1371
3263
3066
563
1652
1536
407
2760
5333
5000
278
3507
2604
3452
5276
701
4779
5984
3475
4133
4823
5571
5496
2196
5139
4988
680
216
1034
1001
1612
4408
5114
4310
3673
5233
4020
5740
5641
4015
5062
1136
4197
5715
1640
2925
1749
4266
1804
427
4560
853
2176
3419
958
4754
3894
4238
4905
340
4291
2381
896
1374
3003
3425
5340
5461
4111
938
4190
863
535
4622
5482
4670
1416
319
3583
530
3307
4430
4177
3719
1464
2265
4453
4478
1041
4222
4406
5405
5391
1941
4639
2045
2297
4625
2952
1020
2580
2048
3586
2878
757
4201
416
2161
558
2528
3168
992
1166
2852
4753
5486
3000
5117
5348
2338
2977
1381
9
4246
1062
5814
3006
3201
4805
4404
1591
5996
2824
5773
2988
4396
1969
2971
974
3584
197
982
2850
704
688
2814
4353
5720
5568
2422
2990
419
3577
843
2282
4806
4215
3829
1680
2965
791
5193
3761
204
1937
1766
1369
5979
4575
977
4484
569
572
3043
5639
4866
605
5368
3634
1736
5061
4551
2859
2954
4660
3057
4143
1748
1203
2354
3063
3178
5905
2700
4783
1300
3385
5613
1158
2922
4954
4941
1047
3843
3803
718
2609
4796
2581
5957
1874
3169
5136
5104
2260
1340
5459
2615
1312
5310
2075
5960
3360
4394
2532
4501
536
5423
2998
4889
4653
2395
2890
217
4348
2080
438
1624
97
15
4745
5832
4262
4887
2508
2839
2711
4229
4997
3960
4642
1934
5171
1075
4675
5280
4577
5147
3447
2172
1398
3426
2330
4114
5528
2290
508
4152
484
1585
376
5089
1334
2126
3038
570
51
4521
2565
385
1709
3953
1742
4164
5951
989
3544
5214
1220
4032
4175
4374
1628
5545
3627
1800
337
149
4390
5852
4524
1178
2112
1027
788
3224
4375
5250
3113
1939
2385
1343
2794
4414
2826
1187
1000
4975
5187
2982
3926
2266
3527
2756
2931
3731
2623
4874
976
5672
260
1243
2012
141
1587
503
5676
2232
5899
16
1687
1666
1348
1816
2626
3497
3399
3887
3319
5146
4428
4756
3350
767
148
3590
2134
5498
1081
999
2920
542
2690
2534
5902
761
2501
4927
1174
5166
556
4518
2751
1149
1257
268
3769
5791
3741
5912
4446
3285
618
720
3825
2892
5584
310
2289
1032
5910
5070
2636
3972
475
2243
5201
2953
3188
4082
2117
5827
1474
5636
2872
3359
83
744
5621
1423
5251
5982
3144
2325
1156
2685
909
3295
2445
4770
1646
4609
749
1124
5040
2937
790
2397
1821
4449
2684
2958
1840
2594
1080
5943
1292
927
1526
136
1077
2805
1410
1855
4835
603
1327
302
2465
329
5443
3871
2370
5419
2701
3861
3477
3171
5787
1549
2411
838
2808
3135
4154
4814
5059
2306
5313
1366
4356
3183
5650
2484
1403
3751
5372
1361
5487
4332
1915
64
1601
3349
4833
1774
2129
2255
5030
5565
299
4498
1722
3970
5518
3502
3537
1982
5106
4839
275
3395
850
1183
2554
936
5134
1564
2037
168
1573
4749
1021
1686
5524
4682
921
3977
5111
2597
5344
5409
995
2807
1924
4685
578
5806
3512
3553
3320
2111
2119
5521
2022
2366
145
1673
1443
5534
3780
451
4967
2377
1683
5371
5863
3341
3127
5477
1486
2165
4775
4634
3602
1508
5464
1402
1433
2582
612
3513
1760
3736
5658
4853
2986
766
1422
0
4306
5748
526
1038
2081
1133
915
3388
38
3526
4733
3995
4974
2230
2052
3071
2223
3255
4036
2078
5197
1049
5172
5418
3296
1563
4265
3918
4012
2
868
4700
3696
3660
4469
3899
4536
4999
2599
1078
2811
4427
290
452
3235
5877
5091
4021
5279
1598
1835
400
4360
17
3018
656
3753
1190
4040
2032
4389
5760
3331
2019
4095
1054
1950
5839
5028
5812
3762
1333
4638
4693
519
3501
1231
5666
4038
3950
5182
3849
3027
3626
5215
2004
1165
2239
3457
5460
5253
707
3913
1291
1907
2040
3054
972
3204
3943
4314
5651
2718
1498
2949
5721
3667
5121
4001
469
5155
822
2247
5081
3787
3854
1267
5314
4633
5044
2116
2389
2867
683
5918
1542
5683
3859
177
223
1382
4650
249
5395
582
5051
3227
13
5566
2563
4401
2503
99
188
4669
2035
1627
1329
144
5630
164
2170
5594
547
763
4397
5240
5776
1975
3052
505
987
1389
1506
4731
1241
5433
3114
487
1318
479
4482
3904
5421
5074
4387
3735
2054
3704
3100
5319
1761
4534
4285
5717
5360
5299
5615
3012
2649
1958
711
3011
2870
1344
5169
1015
2318
2955
5739
187
1650
2215
1667
85
5381
362
137
591
805
685
3368
1046
504
3703
934
4885
849
2125
1195
3079
2409
5681
808
5016
112
3752
2862
3258
4076
5953
5991
5857
900
1790
4711
5514
1846
3181
359
1953
5582
3880
5559
2449
5618
3567
4014
1781
5959
1346
2387
5020
930
3332
201
5325
713
2143
2332
476
3879
4901
3531
3655
2516
1888
5722
911
772
1375
865
1177
4940
5186
1879
3033
1145
1023
3866
687
5633
2987
2471
3083
2513
5228
4508
5229
3998
5623
3722
378
152
1148
3316
2823
5772
548
1255
5735
5065
1831
2624
4191
1237
2091
5179
4409
5476
4049
3370
2710
597
3086
3603
2841
4964
78
3284
65
1819
1377
4648
2766
2339
2856
4935
5267
5331
1040
3855
1867
4922
1818
1622
689
3034
682
5379
2472
3644
4643
1395
2480
33
1188
3613
55
4513
397
1107
155
3919
4747
5600
4694
4122
3862
4138
3275
5864
1712
1811
5264
2806
1276
2791
4598
2246
2212
3510
4817
2540
2084
3692
814
2520
1469
2204
1284
2307
4984
5373
5376
332
4056
2618
3578
3365
586
2114
2549
468
4220
5933
1723
2150
221
786
3132
5370
2309
1569
2759
2917
1744
4873
23
1515
4223
2918
4571
4373
2640
2364
1274
2186
3254
1838
4069
2692
5647
1050
4210
2606
3509
3276
5437
2619
105
4323
1358
4715
2544
2560
4884
202
698
764
1552
5329
3614
1700
3228
3118
2113
5401
4925
3397
984
3702
882
3291
1708
3025
4989
4322
3550
2375
5829
2399
3671
2547
4581
3706
297
5274
162
3687
5873
2620
955
2457
2845
4053
3400
227
3515
339
325
1929
4870
1936
2441
4236
3371
3022
1250
4372
732
4620
2863
4070
2864
557
834
5544
5813
2930
3111
2702
5384
956
1533
5141
3251
886
1805
3522
5352
2356
3145
3885
3541
617
4831
2916
3895
3794
4297
1372
4281
413
4834
1902
3542
3136
1625
355
5305
1069
4920
2096
5602
4443
1984
2816
1181
3662
884
4239
4377
1841
5606
3865
5095
842
4946
3446
2735
3969
430
2120
2858
4765
4274
5649
4992
3110
5603
5819
464
1897
686
5302
5124
946
3844
4816
739
2440
5731
3530
3785
3234
4990
437
2944
415
1513
4278
1428
1494
3016
3863
2279
214
4296
4131
3933
4910
389
543
4903
1042
1268
4789
3073
5116
649
4509
5298
782
110
2296
3670
3755
5414
5817
120
5558
5130
3668
5367
4760
5795
108
251
1405
3081
361
1753
5083
5392
3087
5038
1568
2275
4340
3717
1731
2121
3579
338
4937
5654
3487
3438
2241
5617
3637
2568
5704
1088
4380
611
4929
2708
2014
383
5452
3208
5738
3282
2492
5828
954
729
1802
3301
295
5110
4455
4226
4724
1771
5262
1801
4636
2991
5435
5523
807
4153
5978
1301
5361
3571
5517
831
3193
1483
1246
2866
651
594
2305
3994
3826
72
3875
5175
1632
4290
5759
5019
5763
2644
1087
2730
3837
4232
5505
903
2219
4707
4502
5892
2659
796
3649
1316
990
4326
4258
872
4548
641
3103
4627
1352
4597
4761
2921
2089
2458
4062
4815
3727
2752
1495
1459
4345
4071
3323
2029
4165
5894
5893
100
2558
4677
1238
3115
5140
564
3266
2320
5564
1409
7
5350
4317
2942
1504
5236
2326
2731
3416
1829
2869
3956
2210
133
3867
5966
104
5164
2099
2629
461
1406
4913
5237
5697
5936
5778
939
642
4029
3809
354
841
1175
3345
2280
1354
439
3641
1735
2500
4676
125
3358
671
176
885
5741
3122
3353
2106
5561
1317
1546
5569
24
2669
3878
4431
3008
2152
5057
1775
1710
4808
5131
5407
480
2002
1814
1717
3293
3511
5931
1884
3744
1531
5129
1120
4928
5869
4795
5629
4422
2932
381
5050
1263
206
1732
3067
1919
4845
837
1471
1773
423
3
2142
3796
918
2818
756
3657
238
4867
3151
1298
2164
4545
1360
109
864
5151
2993
1799
3163
1171
4538
486
1597
5733
1715
194
2633
1509
1882
5756
1097
4009
3462
3278
1214
2638
3463
5009
4425
5622
545
4919
1095
2200
256
4784
1458
4931
3938
3944
5041
2716
2634
5747
2481
3500
627
2023
1534
1362
5489
4951
3593
5767
3726
3609
3078
554
4492
552
5035
5850
1463
2228
1946
3441
404
4385
1365
5231
4268
2475
724
1613
179
3305
5536
528
867
1561
1205
5872
1671
5047
5060
2654
1751
5640
1807
2773
3158
1593
2628
2225
1734
3682
46
4986
3411
5844
5865
3389
3092
4971
1479
3230
4216
3176
5661
993
4969
323
1866
1445
874
43
4720
1514
3791
5347
5488
5218
5200
2499
1446
5535
4517
27
2430
1910
1052
4257
3075
3570
3737
261
1004
5427
3236
2757
498
4202
1764
3104
4872
5260
3546
3464
1127
5239
4618
5321
1711
677
5968
4728
3533
4162
1460
5188
5992
4342
22
2311
4309
5662
3747
235
785
3119
5805
5856
1086
2145
670
5652
4097
2293
4857
2566
5326
70
3734
4214
1114
5145
4630
2665
4665
3430
1432
4132
861
3516
1689
2875
2561
3297
3259
5868
5430
2631
634
1806
3336
4763
2378
4311
2494
2810
568
3272
5691
309
904
3870
4250
3935
4768
4755
5557
1029
2367
5196
3076
1896
4366
1026
4199
2276
4078
835
621
4344
4699
2637
4361
4485
1172
3248
2108
1280
2719
5273
1426
2891
4042
4523
2240
3436
5917
3506
5390
1836
4368
926
1693
5628
4976
2301
4126
5297
5135
5402
4079
5334
3321
3428
124
769
2404
1053
167
3334
1271
1152
93
2446
4034
2049
300
4433
4692
3966
257
887
1913
4533
4827
1554
374
774
5755
522
1215
4637
5970
2885
598
1201
3903
4860
802
5445
2997
5263
234
4134
2789
4840
304
737
4713
4440
5938
2479
4530
5170
1328
4205
750
2109
2562
2488
3999
5090
4506
2821
5245
432
4145
1837
5975
4330
2344
2253
4461
3707
2455
3147
1018
3807
969
4435
5592
1247
1870
1918
3094
82
2893
4656
4074
5547
4170
1194
4279
3352
1630
119
5885
