2486
3037
2158
3065
3720
1116
3844
1960
308
2797
2892
2572
2087
2966
2139
3417
1005
469
2659
3743
3843
1415
2208
771
1565
734
672
2646
2477
1988
3971
575
204
958
113
2549
470
1950
1896
3568
477
3946
3265
1712
923
1717
2868
2129
2733
1067
194
1906
588
523
1143
3391
1028
3722
3924
108
3132
2323
3017
2685
810
835
1121
1446
1056
738
705
337
0
486
3532
149
1007
976
3063
3410
2747
2540
8
1217
217
88
1554
3019
5
3951
1515
1727
2468
911
3875
2097
1286
1671
1854
1383
1812
1031
1178
2831
2408
1407
1355
3921
3736
1098
2109
3836
577
764
1970
1422
2627
3447
1141
1788
3993
256
2384
1462
98
1600
3469
2150
1653
2998
1371
2117
3992
1014
1633
273
2253
1226
1903
3047
3310
1651
3600
1663
1173
775
2181
1157
1872
1
3628
1115
493
425
1137
3537
3043
2643
1632
2604
2438
3787
1799
3185
433
3520
1250
1103
2268
3627
1572
1655
1509
2921
2330
708
3654
3454
1790
1390
1076
3571
1518
1393
916
1702
1458
1865
3573
2156
2566
3866
2945
3970
799
137
1835
1939
696
2231
3468
3104
2374
1130
2480
3405
1598
2543
1964
1452
2217
2648
3658
1898
1514
1123
3853
3421
3188
3142
515
882
372
1880
1328
471
2970
978
3110
451
2233
2418
2703
2265
3508
201
3329
741
671
816
2096
1011
612
1303
568
170
1132
1626
1545
769
1166
3788
2083
3038
1604
602
645
862
776
3426
1931
2821
306
2976
3334
408
1558
2779
2360
1094
1822
2345
1003
1667
1354
1399
428
3357
3531
2216
1146
1204
3485
55
1198
430
1192
3518
2447
1843
2527
1196
2272
500
1019
3849
2341
1295
288
301
3744
900
3326
716
1864
795
2290
3408
1334
231
579
1256
3053
96
1629
1096
302
1883
691
124
3507
494
2120
191
1908
1580
2528
2585
101
503
2798
376
3220
1763
1269
3338
697
3979
3911
317
604
3980
2018
3778
489
1078
2107
2834
2222
723
389
3497
473
3602
895
1776
552
3809
3289
2358
77
3450
599
3676
920
2925
367
1476
826
2988
1201
3724
1363
2738
501
3934
2313
36
2696
2808
1885
3479
3084
339
211
2052
1638
839
1745
2
1918
3529
2869
265
3918
1704
1563
1796
931
52
3738
3051
2959
3998
435
3478
841
3257
1995
1293
3400
597
1264
2474
46
2357
1288
3232
2726
1944
2673
2968
2322
1413
2420
3999
1758
107
752
3535
1585
1608
3643
1197
3584
1129
3280
483
2517
3191
3808
2788
1549
1213
667
1716
2851
3927
1043
468
1219
2997
3309
2980
2553
2359
3543
988
1100
3205
3312
189
3085
1330
865
1128
3100
299
3098
370
2991
2619
654
3455
2001
2852
558
3797
2327
1893
2495
335
1531
3786
2166
3977
1992
2985
1511
1127
95
983
1300
2901
1991
2332
3366
105
1436
251
3727
2630
1910
459
3375
3359
1108
674
969
1026
43
1138
605
3318
1200
465
145
2040
3477
1639
1061
2866
2575
219
86
3039
2141
1593
1513
2790
227
1861
2419
3514
1625
3347
1426
3139
2938
3697
38
3332
2429
3552
1119
2393
3862
596
12
3016
3317
3883
1921
2147
73
1312
1385
2416
3306
3767
3389
1844
3066
3984
2618
524
2435
1676
1732
1445
2171
1646
3428
2617
203
276
789
2210
1216
3698
1240
2728
2135
1189
997
1886
1315
2932
116
792
1352
1959
2218
2546
1083
1832
1917
3814
3045
2995
1926
396
1382
2923
954
3782
3360
2241
561
2748
3517
1163
2552
2436
3101
139
50
3268
3735
692
165
2022
2581
2926
3563
3678
2611
2914
774
223
1222
2423
888
3663
121
3170
1526
3931
653
975
3714
1618
3811
499
2478
1700
2354
2909
2167
817
2759
2421
1246
316
2731
1104
1050
2192
1055
2736
416
2010
627
3046
2278
2516
187
2036
3146
322
271
3444
3686
821
403
2735
1564
3470
1642
1666
2312
2481
2148
1699
2188
2770
535
2236
1622
510
338
323
1961
2499
1429
812
3872
3902
2744
1006
3171
2519
1811
97
2577
1037
892
1107
1490
832
2838
934
369
3367
3362
1179
2902
2671
1757
2467
3149
1089
356
2125
1038
3847
42
142
727
846
721
326
3932
1605
213
2535
160
3089
1206
3225
3034
2918
1574
897
74
3954
1416
1301
1963
2315
250
2466
1645
3949
3687
1087
3861
2069
2160
426
1221
2151
1956
1797
3290
1045
3049
2800
295
1155
1665
2377
2727
939
1120
3524
305
2475
1253
2771
2818
1603
2021
1556
90
2708
843
291
343
3841
3800
1018
2658
1859
3109
3278
1501
2582
454
1444
225
1272
40
1619
2395
620
3368
1227
2430
2274
2386
1467
2688
2193
148
3618
1802
2124
574
979
3694
3494
2706
2840
2035
1384
1333
744
1376
1869
2017
2916
3731
1263
1772
344
1539
2326
663
3221
3978
3564
481
1058
2031
624
3988
2484
460
1225
3551
980
2690
581
1251
1398
1346
2027
3129
272
2337
1837
2378
437
3533
368
571
2092
2376
1550
2205
3117
685
1252
3986
1448
3659
3523
2483
3929
644
2682
2215
341
1710
1630
2654
264
1694
91
1296
1976
6
2603
2458
3377
3689
2344
1187
1693
634
2888
3708
2548
970
1943
758
2154
2660
883
3030
3801
877
3088
2012
3617
2978
2450
2491
1165
3709
3496
3118
2766
2328
1457
780
2437
3152
1487
1090
2381
2311
1149
2112
2143
2449
3667
2713
2257
779
3869
2294
732
1470
1350
2512
3395
3726
2830
215
1697
3585
2067
1214
751
222
3008
802
850
2742
1481
3263
3223
3258
270
1435
282
1555
2547
2286
1341
3757
152
2317
3877
2810
3936
915
2183
797
2555
328
2760
2302
3589
1176
25
1362
3599
2502
2433
1255
3261
3940
2974
2702
2136
662
547
3685
854
2176
3817
2055
2348
2676
33
2400
3879
3635
1641
3476
3662
3482
2802
3626
3002
2825
1392
3758
229
876
507
1236
3723
2767
1427
238
359
2189
3691
3105
3919
2718
2969
2398
2123
3267
2915
3884
1424
1930
3554
1850
2817
2289
2267
1568
1624
659
3699
3467
944
2202
2837
2048
48
3544
3851
757
1975
362
439
1967
2340
286
2672
2106
2964
648
1806
1329
3826
2465
960
3990
1404
3703
1343
2752
106
834
409
1894
3852
1241
400
1791
2645
938
3131
859
2301
928
3413
182
1500
3402
804
1628
178
825
1749
1139
2785
1364
1942
2199
1304
3452
830
3962
62
3601
3178
1084
1986
1000
3484
3642
646
2445
3516
3186
3683
894
3406
1370
2698
1001
349
3092
1135
655
1450
3609
1086
2949
690
181
1685
713
3489
1831
2639
125
1613
3350
3575
1661
3458
3948
1440
1159
937
3985
2266
3823
279
3732
3371
2679
519
707
836
15
1616
1780
3854
3614
2586
2707
1420
801
1215
3040
2081
1730
3965
2571
3717
1805
1627
1643
670
2942
3756
800
1273
2615
898
2284
1996
1576
700
168
1347
772
3937
1764
909
613
858
1955
2439
3242
2007
730
1154
1150
2392
1257
1002
3917
2389
2132
167
3443
2667
3201
65
3650
1954
1160
1321
982
487
3345
542
3466
3230
365
3415
2557
72
2045
2407
1322
112
2194
3515
2494
2663
963
2522
1081
3833
422
1507
2126
2863
397
3670
2191
3211
1307
1233
2390
294
64
3674
3111
2567
3665
3880
3666
3166
3989
3586
3604
2349
2280
2584
3582
1839
2353
3172
2296
2410
2599
248
1878
3388
3677
1786
3020
2870
3158
1669
1521
188
3165
1997
3246
2037
855
2550
2986
2620
2501
1833
2633
2020
2846
3747
767
2059
2591
2899
1316
1184
2385
3327
3346
1205
1324
2948
563
1472
2352
3734
2103
434
1543
2551
1857
1881
1649
1485
2363
698
590
545
78
3653
740
2675
172
34
2155
1211
2556
1856
669
3059
1596
24
3354
2469
3294
1381
1110
949
3504
3997
35
419
2934
4
1231
2635
2493
239
3358
3660
867
2841
2531
2101
3779
3399
1836
39
3234
2000
2179
1971
1454
1112
2695
2689
1442
884
3525
1706
415
3144
2715
3136
910
1876
120
3549
1491
1974
683
1276
3308
851
783
2761
122
3894
2016
2213
2099
3315
2947
3322
2292
2590
935
709
3435
2906
811
2809
3213
3652
3651
530
3591
3182
2729
3561
3781
1919
3633
2896
2451
2710
27
491
722
1819
673
3769
2053
1010
838
2530
1560
1182
1771
2163
1327
485
1647
2334
2930
1290
638
3502
1174
2847
71
2379
2856
2674
2944
608
3094
2642
3541
47
1899
1140
3503
3912
1375
724
3351
3789
2479
3557
1586
2470
3275
3719
3583
2144
636
3499
1674
1289
658
1846
490
3900
512
1570
1342
2937
2434
3148
3414
382
332
3909
1707
245
1151
76
1723
1395
171
679
2115
2827
1551
3197
2854
2560
2692
1937
3832
953
354
822
3125
3323
3547
1373
699
1754
583
373
1433
3526
3593
1951
1101
989
2034
927
852
3957
3493
1728
2602
3364
2705
3996
1990
781
2848
2159
1065
1188
3805
3044
1631
1581
880
3189
278
93
2730
3710
3745
2739
1080
467
3120
3562
618
21
2180
560
3821
1841
3966
2904
533
3077
1636
3147
1654
3403
2226
1218
3250
3013
1259
1133
3303
2397
3771
3695
1279
22
1538
2732
1397
1851
2973
527
1136
2422
1659
2613
2057
3296
3897
1489
1463
2503
2364
2609
1729
3372
2665
2025
3513
1561
1871
1331
1492
3270
1238
3247
3434
3972
1536
2388
2316
418
84
2046
2239
2804
1319
269
161
942
1332
268
2463
92
1207
199
2164
1686
687
37
1474
3264
3276
2722
1459
3190
2803
3331
1873
1195
3711
1079
414
2711
609
728
1360
1172
3029
1502
3495
366
2589
3113
2712
2309
1848
2693
3952
2061
1714
2051
1782
3492
3765
829
1074
2066
3908
2293
695
921
2214
1063
2262
2041
905
2459
1034
2489
3238
2026
461
1798
2984
3567
3335
3471
2504
2647
760
2737
715
3581
2873
833
2206
3424
1524
1318
2076
1008
601
141
3244
169
2356
1053
2537
3384
3465
962
3396
445
3343
1768
2339
1590
462
432
513
2694
3858
502
2417
3341
3868
3739
1746
380
3701
3014
2116
2757
2509
417
1733
3209
1455
2687
1928
1311
3015
1388
237
1575
63
1153
714
3451
1044
2723
2082
3285
1456
747
3407
496
522
2858
3755
157
2777
2487
1508
2815
2913
631
3130
314
3619
3093
3419
1029
2734
2574
3390
1527
2762
1804
1993
1412
1528
1261
3792
576
2169
1623
1449
115
677
3356
3352
3785
2283
3521
1308
2488
2325
891
209
668
3675
390
3953
259
587
3349
1443
573
508
3813
742
1785
3716
1046
1367
2741
1102
441
3383
3819
3404
1049
1874
3649
3481
3115
907
912
2306
3228
1962
3086
3848
1691
1795
2228
967
3108
1682
2960
2628
18
2681
3453
3596
2165
3775
3116
785
1863
3159
1882
1945
3313
3928
1477
3321
2773
2088
544
945
2002
3835
2497
1602
1969
1817
150
1979
3418
3151
929
87
1059
1033
966
3081
3096
3935
429
1317
1741
2756
3825
3546
2282
1169
3199
1713
1181
1840
3941
557
2177
2755
735
2564
1658
2955
3916
488
1690
2778
1656
3762
3369
1389
58
3923
619
869
2920
630
3839
1224
1660
1099
3566
1451
3820
479
2373
371
2953
814
2836
2626
2275
59
9
2387
2743
635
3124
541
3707
296
592
329
175
974
1035
2562
151
252
2979
1349
3138
2607
3612
1999
2225
2065
2185
2368
2350
3446
3057
2598
3898
1877
442
1245
156
1736
3968
1258
3128
3885
3540
2014
589
649
805
1770
2614
3645
475
3112
230
794
3119
1117
1948
2812
1978
1683
2844
2750
31
2351
651
3947
2912
51
2928
1567
3538
20
516
3153
1905
3982
2894
3097
3071
1284
1591
2259
3976
899
44
2023
874
3622
1016
684
1243
1957
3200
1075
2612
2453
3576
1553
1677
427
1361
2819
1468
180
3608
3344
1230
1400
3610
746
2380
837
2196
3204
70
1280
3245
3058
3572
3154
1068
3882
1748
3365
3680
1193
99
1980
3163
1537
449
2072
3944
553
3620
3295
158
1423
1335
2452
2102
2592
1801
845
3798
216
886
3577
2162
2972
3386
676
1742
205
133
3933
973
1519
3702
3741
3506
197
3690
632
1109
7
3827
578
2886
233
1488
498
274
2699
3133
482
993
1021
2005
68
3857
1904
1148
1194
652
725
2244
1810
2881
2456
977
2122
1466
3340
971
444
2588
1180
2161
1283
1248
3964
2441
214
2310
1913
2409
3381
258
2754
925
2534
2911
2071
3721
1453
2542
2178
1541
1679
2666
1471
2855
3799
1199
2003
3542
3255
2256
3311
2138
2320
3055
3623
3480
2414
2238
3208
3301
3457
2406
1069
357
32
3024
2578
933
2641
3728
903
621
729
788
2740
255
3239
2431
3050
1670
3737
3069
1372
1826
147
2175
572
617
1724
411
2511
10
1547
333
509
1779
2890
992
1977
902
3355
879
3816
1505
2050
893
782
570
3187
807
2784
3859
3010
1191
1428
2570
3028
1351
1357
3473
2649
2224
1821
712
2691
1620
2957
2636
739
2629
2443
2500
1229
1542
2820
3712
128
1588
3773
2956
1461
2774
3956
2940
2606
2261
1314
3958
206
1438
1483
347
243
1778
3387
450
623
3753
3766
1972
1274
3830
3162
3460
786
3906
249
1696
3035
2796
1414
809
941
1830
940
1077
872
968
2545
1237
3273
3886
2068
2404
1784
266
1866
466
104
383
3219
1701
2865
3194
1705
584
1828
2842
3212
3210
300
2113
2142
506
2919
1405
704
3206
2230
2845
2248
2221
159
3005
2610
2223
1559
247
287
3445
660
750
666
3842
2631
770
67
2329
1984
2462
551
1004
2455
1268
701
2897
554
2867
1512
2520
1309
2568
80
1862
1027
3795
2362
2246
16
41
3262
2252
2594
2622
1987
421
2884
2321
2496
3802
3625
647
582
3048
2119
2638
1339
3299
3511
3156
358
2303
1517
3379
2600
2720
543
3252
2661
3236
1499
2816
2333
3768
990
2152
2335
2931
1952
950
1167
162
196
656
2701
3891
806
1092
2839
424
2576
2090
13
2085
290
1775
3938
3804
981
3373
2089
1310
831
391
813
1152
2383
537
154
768
1973
3150
3316
1122
1292
3904
1589
1530
3241
2565
607
1640
546
2652
2917
3595
3072
688
532
2110
3102
1853
2298
556
1901
3249
3052
140
1726
1522
815
2782
1147
2596
1356
346
610
2799
119
3018
1615
1131
281
2526
1023
3070
3796
1816
2346
1465
1520
2680
1437
1902
1244
3509
117
2887
1858
1582
754
2245
3740
1725
56
392
2989
2990
1498
261
3500
3975
130
844
2724
2004
497
1941
3056
2882
458
3103
2032
1614
2651
361
2471
2725
996
3233
1879
61
2508
1546
2826
1925
3759
3987
1672
1534
289
906
455
2872
2006
639
3348
3184
1929
89
1774
3385
994
1275
1168
1239
3231
1338
334
3195
190
218
2146
1497
3925
474
885
3464
3078
3536
2595
2336
3091
1510
244
2058
3307
3095
1306
1657
1571
3656
2255
3671
726
2941
759
598
2655
3950
2975
401
2871
348
3837
3251
2168
14
1254
3636
3336
1020
1062
2064
3607
3167
3644
378
463
1070
3556
2849
1765
3910
2994
1652
1051
2091
127
901
3076
2305
766
446
1409
2279
2394
3036
1270
2719
2054
2751
1751
641
2876
3305
2095
3498
297
1760
2999
1781
3512
3548
2657
1792
2983
3009
3430
2237
1855
998
505
1523
3224
3603
2024
3288
2893
3892
2559
908
176
1421
2281
1989
2030
753
3539
896
3761
1783
3243
3064
2764
3328
1479
1932
2885
2857
1915
1057
319
235
220
3704
404
1232
224
1721
53
2861
135
2981
3090
1402
402
1824
1085
1124
23
2182
3565
1473
1544
1825
1387
603
3860
2324
2791
2523
2533
2121
2662
748
212
1715
2013
495
1914
1336
330
2880
3431
3580
3501
2621
3840
3522
2721
3587
3930
3550
1484
1773
3963
1747
2276
242
2763
1737
3203
1348
2242
11
2038
1047
1072
1664
793
3023
538
2644
1578
1118
1761
146
2028
2605
3459
3856
2444
1947
3143
947
3137
2823
2700
3216
600
755
292
2460
919
183
3122
2927
2375
2632
2137
2133
2515
1190
1892
1769
1887
3439
202
3427
1981
932
1940
1890
193
629
75
3325
3991
3462
3284
2134
3342
3790
1262
3456
153
1621
2277
2832
731
1829
2247
1431
848
85
952
1675
3684
1907
3632
1170
3774
478
1365
796
313
3939
991
2943
1378
2525
3661
2684
1142
1041
1495
3319
1434
1617
420
737
3749
957
2877
3876
1965
1359
3865
3669
562
1022
2775
986
948
3490
917
3905
3004
3240
267
3433
2355
875
1345
2127
2291
1842
3742
3441
3157
3378
1644
1552
28
440
637
3926
2100
1417
3881
762
3672
375
3229
3026
118
3436
3222
2084
3126
3889
1803
3974
2056
3161
2929
1548
2308
924
1516
2432
387
1827
200
1134
3134
1820
3041
2428
2772
1294
3438
1867
3510
3637
566
3545
111
1592
3961
3218
2254
123
2401
2859
2063
763
819
861
2670
2714
2405
559
2780
2678
3298
184
3967
2709
2029
2366
3217
350
3363
3855
964
3393
1800
3248
2891
3160
1888
1042
3198
318
840
2961
2173
3179
3594
3448
1909
3237
2935
922
2597
3639
2758
3031
1953
1113
3107
1684
3605
3631
1689
1247
3729
2650
3012
2472
2396
1017
657
464
2197
3169
820
1223
887
1648
2669
1949
1228
1609
1210
913
310
1923
3173
102
526
1249
504
1793
926
2829
1291
1845
3611
2513
864
3271
2536
3812
1480
405
2958
69
1320
3
2793
2403
2716
622
1171
3297
1900
1025
3202
2105
1692
1610
2992
1834
3983
3374
961
2776
1744
2269
1695
1860
3598
2157
438
1186
126
2307
1599
3688
1687
2587
2835
3027
388
1313
2982
3114
2440
2490
3828
3021
312
3890
3878
1875
611
384
2300
3815
1323
1752
664
1036
2365
1032
1807
179
138
3183
1735
45
847
3472
2060
453
2510
1441
166
2198
2263
853
3277
2910
304
3621
3286
2412
1494
2454
2427
2070
1158
520
2664
2207
3806
331
3192
642
1569
234
393
163
1673
1708
226
1681
1410
539
3292
1277
2299
3491
406
1927
2212
3725
1935
2879
1966
2229
2209
3123
823
1013
2074
3718
3300
379
3613
878
2011
1946
3783
413
3425
2936
2371
3777
3080
2140
2967
1418
1601
3751
3227
3913
3733
3337
3748
3657
3630
2098
303
2446
965
3920
2862
377
1202
2801
514
407
3475
1406
3901
1071
386
1353
1073
733
3822
2476
325
2131
1739
1325
2634
1460
1419
3838
2749
2624
1698
307
2073
3807
3291
2264
3558
484
765
3960
3054
3888
585
956
2794
49
531
374
2853
3527
3922
1366
749
2753
3155
3025
253
3253
873
936
2783
2219
2697
3461
3083
999
1982
3693
2047
866
394
3483
1212
1106
2874
2807
682
3011
2616
3361
3422
2795
1185
2211
198
511
1095
3397
236
3794
1540
447
1267
1482
2668
2200
2563
285
2505
1719
3314
3432
3730
1162
1203
3168
3681
856
1583
3574
1088
3893
2227
2201
60
2448
736
3834
436
3437
2637
2518
3181
1091
2683
881
1755
2187
3629
1650
2765
79
860
2370
2078
1285
606
985
1326
2184
3382
3060
1496
3915
681
1587
2285
2043
164
857
2094
1891
3560
1396
1054
1566
3752
1358
1766
1814
2457
2251
2411
3370
2361
2806
3196
3235
360
3175
3943
1082
1938
2554
3519
1767
228
1759
1809
3679
1688
3770
192
2746
3164
2965
240
842
3713
4000
1145
3269
2145
1403
2768
1430
1175
3042
3409
1933
3829
155
3293
3022
1562
1208
109
3062
3007
555
743
959
3528
336
3412
3032
3274
263
686
591
824
1266
257
100
2391
2114
951
3079
745
818
2260
2593
3106
625
2130
3401
2062
30
136
3914
549
3304
2939
2580
1125
3655
2314
3818
3082
3955
955
2498
1278
1529
1680
1635
1297
1678
351
2250
2506
1870
3995
1731
1579
3121
2987
1557
2811
2186
2789
2461
1573
2850
3420
693
2608
2288
1889
2922
2203
131
3474
1340
1408
650
1584
3488
3784
355
1040
2174
2425
3087
3003
207
2318
2524
2424
3215
3850
2656
3569
2977
2971
340
1738
3145
665
2118
2544
1813
2234
3006
1144
2485
2625
3764
2833
2033
2258
1756
3559
1750
995
2704
364
756
2903
3873
3606
1401
3487
773
808
3706
3570
2889
1425
614
1922
448
363
640
1994
2204
3895
3945
3283
3449
1983
3705
3339
517
395
1818
3615
2907
548
1093
871
3330
2583
3000
3776
186
1985
2075
1916
3887
3282
1374
2905
3177
946
443
1156
1897
2319
1009
1968
827
3870
984
2077
1503
1934
1936
1220
3174
2039
1475
3772
3579
208
1789
3746
3824
3899
1161
2413
2104
567
1242
2822
626
3903
2369
2521
19
399
1060
2962
83
2195
1506
1105
3099
2149
761
1849
2473
1718
54
2399
2347
2049
327
2220
1597
298
2235
706
1911
3416
3647
1235
1815
3073
1998
254
2686
342
3440
3616
870
3871
2426
1287
1012
2172
2717
3760
529
2343
3260
1525
3176
718
3696
3423
3750
2539
1302
324
3588
3376
57
3068
1386
1271
2541
678
2108
2573
828
2875
3624
943
1787
680
1611
3634
2883
615
2415
1052
3754
784
293
2232
1066
480
2382
1762
1391
1377
2287
2507
1532
3648
1577
3646
2843
777
3140
2933
3555
2190
778
2295
3534
536
2924
3281
284
2769
277
2093
1478
2640
2860
2813
260
633
1895
803
29
2569
2297
2963
2623
1177
3863
521
3287
2951
3141
2331
1838
353
3578
1298
1753
2561
1852
868
2128
2273
3780
3640
398
3715
904
2015
2243
134
110
246
1493
1048
311
675
3207
1668
3135
1637
889
185
3973
3530
2342
2950
26
17
594
702
3074
1260
177
3302
3664
710
275
540
2111
1432
1024
3266
2864
320
2402
643
2900
3324
2482
569
711
144
1305
3075
1734
431
3874
1111
174
3067
3791
3845
528
1097
1634
550
3226
1015
3942
2786
2008
2338
694
3463
2044
1868
1594
2271
565
3486
661
1368
3969
280
534
1606
972
3597
2153
3254
1164
3442
241
3353
1535
3394
1709
1533
476
2792
703
2079
2538
345
3896
518
309
81
315
3320
221
2745
385
1924
3793
2908
1265
1703
3193
2601
1209
2558
1469
1486
1030
1794
103
2270
1039
472
1777
456
3505
1847
3259
1380
423
2086
2677
593
2814
381
1447
3033
2514
2787
3692
2781
2009
3553
2080
2442
1394
2042
2492
717
2249
3907
3333
1281
3994
525
3256
2170
3592
890
94
3668
595
1126
719
132
1504
3981
210
628
930
457
412
2898
1958
352
1720
3411
1439
3846
1912
173
586
3429
2878
798
1379
82
3272
195
2372
3380
3867
2952
3279
1612
3864
3127
2532
2828
564
3061
1464
143
1344
787
1607
2019
2954
2824
3831
790
1823
3763
3638
1662
3001
66
3180
791
1743
1064
1299
2996
863
452
2653
3641
1595
689
1411
2367
1282
918
232
2240
2946
1369
914
3590
1722
1711
1920
2529
1114
262
1183
3700
3392
3803
987
3959
492
3398
2895
616
129
2304
3682
580
114
1234
1808
2805
321
1337
283
2993
3214
720
1884
1740
3810
2579
410
2464
3673
