1086
6776
5393
4422
3908
733
582
697
6604
1787
114
5086
1135
3624
6253
4864
4801
4672
3504
5653
4675
5256
316
6506
5296
1505
833
6163
1169
3787
2080
4078
6475
2108
6391
332
4553
1619
6234
6716
4981
5578
4326
5008
3615
5364
2708
3165
32
3070
5312
2068
5201
1415
1148
1585
4993
3024
2262
2187
799
4180
6830
1331
4534
3819
5792
1843
3993
2200
1571
1681
3762
2063
3911
2637
6140
4571
5704
6824
5105
3084
6273
5705
1677
6659
4716
548
1808
5858
30
4838
4011
3583
748
4824
4537
5930
6089
4785
6984
2315
1575
4524
6184
2948
5442
1736
1659
238
5206
5424
3488
1671
1641
1902
6037
4823
1980
6850
1873
125
6642
5451
875
4191
4133
3419
704
3731
4391
6232
5937
941
5573
116
3834
3433
1895
6092
1444
3112
3600
949
6791
6985
6412
5089
3576
4624
1192
2862
6018
3937
6001
3703
3026
4637
6111
5973
4810
593
608
3136
5182
3533
4575
2425
1756
6948
4044
343
4691
6759
5562
118
3477
4026
1211
4539
4717
1717
2322
3706
5658
1637
6589
3172
3451
176
5357
6555
5628
602
5925
1068
1503
113
6995
4976
6491
3059
2616
2773
3730
6337
4150
5197
4029
108
3179
4433
6333
6876
6638
4335
2095
4161
2151
3301
749
2927
5896
1914
6562
3877
1631
4292
1972
1412
5214
170
5760
5807
6385
1899
4449
5622
4016
3552
1828
1722
4245
225
2520
4151
6411
693
4130
1399
3723
4448
6330
5854
6559
6633
6616
6369
4530
6447
5004
2383
6620
5640
3230
3251
2935
2058
6402
11
845
4497
773
4502
4063
2939
4489
2579
6068
1511
4243
2648
3630
4087
5234
1002
4178
841
1432
1197
6567
1427
4925
1540
3380
2203
1500
5864
4551
2978
4589
5849
1477
1992
6297
5591
6469
6820
5255
6822
3241
2004
978
732
6299
1084
491
3924
5809
6243
2394
6335
5417
4724
4709
4286
6979
5124
4435
3525
1446
3635
4682
4001
3880
1702
4344
1424
736
182
1168
3770
1682
3472
5914
6042
1900
5334
854
82
1999
6785
5223
448
6013
1284
109
1035
5997
1230
4175
3824
3713
6464
1081
4503
501
219
963
3608
4043
101
5938
5754
5264
1414
5648
6233
6471
4447
683
2658
61
782
2717
1102
551
6444
304
382
665
6198
4165
2772
5379
3155
6608
6061
2512
924
2625
5001
2357
4005
1407
3848
3213
6214
6060
4082
2171
5666
6823
4412
5799
3990
6941
5838
851
2967
4201
937
1678
2083
3121
3246
777
4190
1924
2041
6598
2019
5180
4561
4342
2607
4832
4626
6052
92
2312
3606
4900
5958
5168
1383
478
1476
2536
6775
4228
4096
1993
3597
3133
1420
560
5026
710
5093
2326
518
3818
1443
2227
5526
3645
768
1740
2895
3160
1070
4472
1152
6643
556
3708
2478
571
6963
6497
4887
2242
5174
1278
2161
6678
84
1079
6381
1091
4084
6276
2291
555
6613
5441
4805
3471
186
6304
5789
6156
6315
168
4050
2889
6999
6745
533
5494
2795
3722
1073
3515
2998
4638
5193
5432
5946
2918
4753
6087
5791
3453
5977
4294
6619
4186
1029
598
3995
5077
1222
2393
5940
4714
619
3998
2184
6581
2404
4049
1871
473
4773
446
6518
1658
4207
2776
2923
149
3202
2761
4848
4849
4670
3467
3857
5081
1108
5687
206
1794
3751
6722
4970
5033
4997
4266
3740
5394
285
4648
2112
3358
6748
98
166
5402
6193
4795
5715
4074
4404
5840
4330
5931
3817
1536
5155
6799
3018
6934
5183
5202
1127
1257
2476
894
2360
1901
1799
2208
3636
4491
4707
1396
6523
932
6462
6312
3320
318
4684
1733
4350
207
5425
5150
5781
2232
3577
2954
4109
1974
6630
3540
5895
173
5131
2010
6929
2872
743
2209
4643
4045
6788
4408
6142
6955
792
3710
6519
146
1131
1074
2762
3494
2096
289
4312
3891
1930
1241
4987
351
1893
6468
2066
2858
2152
4139
626
3698
5717
2794
4706
3098
3897
1784
6217
6239
4162
5642
5756
6122
6397
1634
153
6866
2556
6587
2055
1235
1352
3479
214
6316
2527
3612
5677
5217
2462
1471
740
5294
6637
3900
5549
4253
6535
6795
3363
3439
4358
3526
3617
5516
4522
531
3644
4039
1409
2260
5084
5456
352
3653
4451
1150
4355
1336
686
2129
45
489
1522
3810
77
6889
5090
6282
787
6350
5222
155
415
5496
563
2759
2876
6693
621
1572
4511
2822
3579
1592
5663
1541
2649
5683
921
1218
1215
6486
3717
5341
5906
729
1030
476
5133
6508
4907
6170
4394
3345
4360
475
2581
53
1021
3237
3530
2693
2819
5043
737
6433
5291
1534
1010
6918
436
3219
6357
2919
5514
5227
2142
1400
5372
5783
306
6152
1268
2554
2160
3093
5117
5790
5054
962
4095
911
4302
4535
5675
2162
4988
6648
3429
2728
6363
754
2663
3418
254
3035
3205
3920
2827
5951
6167
12
5137
4117
817
6386
6180
411
5305
120
5262
2030
3465
2062
791
3591
3061
2329
6466
5903
4780
4531
185
470
4270
4325
5786
4955
3942
1523
264
4103
5671
4662
6226
3208
4322
3944
2438
6317
1024
6204
820
5823
3143
613
546
6161
6505
3217
6552
3665
3190
611
3313
2691
1964
660
3832
6216
3887
2213
1452
233
6012
3518
4884
3478
2437
809
5569
720
497
637
3113
4602
4089
1100
205
6859
5205
4102
2455
4092
3481
622
3020
4113
3523
6544
5810
4446
2542
1093
6371
893
6075
6664
3971
1247
4698
4251
880
5276
3657
4203
716
3002
2965
1602
1124
1217
187
2537
1199
6046
2165
5221
6509
4762
1474
160
70
4007
5500
3414
6655
6353
6699
2145
6394
5574
3173
2719
1362
4163
3711
5795
3355
161
1056
4932
5935
5581
5048
3692
2721
6029
4891
6897
1604
5941
5750
6407
102
6501
209
3294
5769
2533
695
4668
3135
3981
3813
3508
1672
2454
5096
421
662
2456
3032
2183
1590
4032
1516
3965
6351
1161
3353
6401
5468
5942
6942
930
63
6045
1644
6574
398
5176
3688
1698
6714
3200
5649
553
1573
3943
4687
1003
3781
1648
5948
6936
6482
1674
4704
4975
4727
6661
509
5696
2486
5035
3385
889
1101
3680
5866
3805
1514
6561
3233
3066
5524
1255
2290
5314
1193
1430
4120
2127
330
1251
68
2389
4744
1479
2705
94
180
5184
5954
2698
3087
837
2932
6201
1798
112
6383
3578
788
2224
5263
6860
4278
134
1790
5097
479
549
3062
1198
5331
133
6746
3806
5872
731
4215
6804
2280
2678
199
6473
1821
2439
926
5034
5634
2264
5327
4958
5876
4485
3141
6553
376
204
1940
939
2685
4850
6712
3559
4202
5615
3507
3682
5545
419
5085
2909
2273
1777
6511
1307
4445
4763
5844
3350
5676
3291
1295
4452
2894
6713
5662
3053
5719
6263
26
758
1776
5559
2485
2120
6396
2835
2447
5389
4033
1097
4339
4548
603
6252
5695
3277
828
6283
1276
2195
3371
1184
140
6221
6915
4313
2925
3269
2908
2442
280
6926
6932
3498
6258
273
5204
6021
1693
5062
524
4941
4897
1189
2250
1909
3904
6058
3637
3226
3610
6779
2656
6851
2336
2561
4957
1332
5361
320
6514
3431
1635
3968
5463
766
2597
652
3215
1368
4465
3564
4787
5383
2361
627
3337
4659
6380
2257
5271
410
345
3746
451
3625
6064
4105
2619
2788
4909
5323
5793
265
5287
1561
6709
2407
4855
1069
3307
2906
2790
136
6230
1755
6845
5558
4940
6836
6802
1213
4886
1206
596
4740
3017
1470
2767
1118
530
3174
4046
6880
5163
2240
5965
55
4816
688
3896
735
6370
1201
5144
6477
4518
4052
6256
1186
2854
6441
1312
4438
1586
4766
2448
4192
5140
4171
5596
1144
1363
1480
1767
1384
5816
1741
2670
3659
1617
3394
3838
2358
3178
1
3727
4544
2373
1261
2771
6098
4710
3655
5246
1667
3103
2461
5467
2706
774
4423
1137
5306
4373
6957
796
6683
4700
5330
3397
5911
3041
5945
3767
1727
1838
1598
5548
197
617
5668
6049
756
2483
5409
2411
3008
6074
3427
903
2047
1114
2286
3058
6733
6848
1105
1050
1624
696
5497
363
6858
6020
8
908
4547
4999
4653
6117
628
1593
5934
6685
6534
1925
1963
1468
1009
951
2501
6194
6262
389
4581
892
5991
2271
2163
6602
5099
3420
2580
906
5706
2284
5600
5987
3804
2249
5623
4960
4051
1506
4636
348
3548
3912
3778
1417
1316
6573
4221
2493
2306
1848
2370
2646
6537
3122
825
3283
712
6131
492
4830
5325
2467
7000
4263
2403
3554
1643
3816
3152
1512
5397
5927
890
4038
1655
575
3536
5041
5861
3080
6513
4349
5961
2001
4712
2760
6392
3290
1917
1884
3029
2342
303
4079
2843
3537
4817
5993
6127
5667
2180
5384
1542
1966
5751
4126
4453
1497
3720
723
5778
5900
6378
4521
6249
719
5976
6275
5067
2720
6182
3598
6171
4608
29
4218
6548
2465
6649
848
5517
4772
4306
6267
5108
1177
2621
5252
6754
4904
1985
6205
1737
1095
227
5712
5072
6674
5429
1814
5266
1061
3287
2321
3033
1611
6109
48
1864
1962
2551
3486
2505
1860
342
2572
65
1395
3784
3811
130
5837
5232
1083
5005
5598
1034
3161
6521
2490
4012
6628
3052
1569
1628
5102
262
2884
4463
6240
1749
3633
3464
4731
5612
5450
783
944
6715
5115
3421
1621
3487
5656
4398
5815
4364
5724
726
6067
6913
824
2634
2319
6015
2694
5226
795
3148
3726
513
3195
3874
2416
4681
2008
5207
4257
677
1834
715
5833
1951
6968
6450
4508
2763
6452
5
4899
4599
6557
5869
4526
1277
3339
2815
6420
1663
5803
1356
4875
5808
6765
3176
3196
3021
4073
4923
3707
5512
1159
1819
6731
1120
6777
3994
2857
1381
3229
1163
1173
295
6740
1270
1096
2294
744
6706
1866
840
935
5770
5609
1976
5552
3878
505
600
3570
2136
3611
1525
4020
2023
4482
5821
6279
4233
2789
6236
5654
4580
5970
391
1856
2222
6023
1632
3075
5553
5592
6150
1275
6530
5135
387
4411
366
2418
6829
950
6332
6051
5689
4593
4196
78
3273
713
2823
1995
1954
2863
2147
4690
2366
1067
2510
5928
3697
3311
6916
1629
2499
240
2339
2633
1025
1869
6071
4470
6865
3203
2820
2993
5304
2153
562
803
440
6591
281
5505
5845
3776
5897
2522
4111
985
891
4062
1886
4376
246
3551
4986
5380
5891
6601
4646
592
3108
5589
6773
2818
5811
6855
3513
2699
208
3935
5376
3425
5092
5800
50
1589
2032
6719
6206
457
4872
4517
1323
4479
568
5303
334
5620
2519
3352
2801
4352
5499
2653
573
1358
3264
3516
6070
6292
6472
1750
3426
3374
747
1789
3923
3480
810
4564
4639
1524
6695
4847
3393
4620
6325
5528
790
4287
4769
2793
1890
1781
4369
1865
1818
4501
511
4154
3970
2817
6483
4494
867
3901
3556
4025
5744
4612
4854
2704
1225
2929
1151
4679
3212
5110
5280
1365
139
4097
1518
452
1778
1861
2402
6898
5610
4696
577
4973
71
5978
3271
4765
3886
6254
3447
2548
3744
1689
4371
5399
2110
4570
6237
4284
3130
5070
5285
6319
127
2525
2671
5641
5143
578
6136
6878
2582
834
5224
6952
3254
6551
2305
3587
5988
579
6632
2205
223
3869
3168
5483
115
1715
327
1973
4752
2652
6564
6736
6224
2094
4334
3545
3406
5824
4616
291
3482
1374
1539
5716
5957
1753
220
257
1053
88
2681
3792
5681
3134
3790
5737
6914
6641
541
3407
5049
251
566
1835
2206
4557
6210
4745
3300
1220
4777
1027
5170
4504
4677
2546
5515
3568
4013
4193
2238
1404
6063
1013
994
3191
6908
6586
6837
6367
5585
4418
2883
6688
3340
2914
3186
1948
2825
3272
397
20
2248
6481
802
4351
6116
6998
3496
4896
5576
4261
2038
6300
4425
6565
938
1692
89
759
6255
5829
5277
4290
4067
4590
6793
2608
1410
4953
4871
6014
414
3622
269
2991
4770
4031
64
3953
1806
946
870
811
4399
2387
2564
5059
6958
1498
28
1771
1562
195
1048
4977
6404
4107
5052
6912
6543
793
5775
402
5259
1725
4035
3879
5752
1826
1716
1739
5346
3514
6899
2077
4778
309
2109
902
5295
5019
2254
3695
4656
6338
5239
5636
6528
2735
5268
947
5521
1214
3034
1464
4354
5103
302
1376
2559
1904
965
286
917
5701
2090
2674
2237
3521
859
1577
6582
6668
417
5228
1874
196
1687
6592
2870
527
4182
6588
3947
3125
565
1194
822
5739
339
2101
5260
3501
5975
1642
5777
4751
1851
3056
4385
3402
6153
6434
4260
5745
3510
5348
62
988
4782
2146
4996
3881
2866
3853
2589
6590
1403
6155
6174
846
2285
416
669
96
5910
798
1754
135
4069
6326
2893
4758
2166
1703
2252
1970
3327
198
6349
1780
2287
920
3298
2596
4279
4495
23
3754
3760
2506
5488
2641
5028
2957
145
4147
3188
148
5320
6844
6172
5919
3100
5309
2791
4473
6739
3553
5504
839
1773
5373
5014
3322
1347
6265
4577
162
1165
481
3802
3736
3054
3788
4532
6414
6815
3737
5382
2441
5435
3240
973
604
871
6645
5152
6377
3043
422
1183
3492
4507
1971
5533
647
4387
4965
5318
2571
1291
3907
5190
6825
3575
1747
36
1937
6847
1166
3468
74
1330
1903
6846
3687
6781
4723
433
1664
5337
3499
3171
4868
1949
3297
5979
6000
268
2196
2785
3312
3003
5029
3306
6667
3398
5949
3840
1769
987
5063
1880
5959
3389
778
6044
5933
2711
1188
2503
1167
3914
3369
365
4468
6126
4498
454
6614
2159
1398
2588
4042
2470
1008
370
5178
4949
3618
631
1364
3423
1588
3602
6207
1888
5625
589
6609
6872
6474
916
2709
6390
5098
6721
6658
52
210
1912
2133
313
4101
3351
444
1567
1004
4056
3524
674
123
5950
4246
2606
1287
1032
1543
5134
3558
6164
3063
1089
570
5560
3546
5714
73
4678
4338
1238
2994
3457
6019
1418
6720
4943
4619
3647
5566
5017
2065
2134
191
4456
2092
19
4370
3511
1212
6547
757
4651
315
3319
6103
275
6400
6190
1594
2924
6105
6442
4363
5236
4258
2169
3055
290
3483
4492
714
3745
6708
2661
4789
4552
1110
3841
6965
5535
6863
6750
4942
1680
3828
2157
2012
3704
832
154
764
6831
5972
4134
5431
2999
2420
424
2591
5375
3139
4104
1265
1947
689
5565
1243
5697
6862
6270
3356
425
6211
1920
6388
2156
4861
1387
301
4525
6627
6879
4487
152
1918
2812
3012
6983
3791
2324
1463
1801
5583
4368
4814
203
2511
3197
3490
4008
2784
5470
5254
4721
1433
6427
298
3543
847
3728
3772
5723
1271
5857
5870
2775
5901
6728
6861
6583
5198
646
255
4683
1422
6520
4921
4808
6124
6615
6875
122
1475
2830
1207
3967
519
1489
4301
4906
1390
3285
2962
993
6634
6470
1302
3932
6656
3361
2630
6455
6120
2834
5917
2517
4566
4169
6177
6666
4811
1041
1049
2912
4596
6106
4815
292
3211
2413
3400
5820
5727
1785
4127
5154
3786
6355
2255
3304
5787
6584
1558
1434
1766
6398
441
3120
5608
4629
5779
4803
2210
741
5251
1989
785
2875
990
1028
1742
3544
1762
2141
3256
2170
5984
5225
3531
3506
4091
44
2468
6422
4416
4860
6525
5921
1568
4125
4110
443
514
1645
1519
2223
5682
86
4296
6047
256
6605
2202
5694
2052
194
270
2123
4680
1244
2586
1292
4937
4851
418
1892
4323
6348
4362
1596
2707
6328
3899
4403
2766
106
856
1630
3166
5883
925
1416
605
322
2451
3669
2886
5241
3858
5691
361
100
3364
1063
5529
1719
6919
4980
2469
2917
4866
4213
1249
2569
721
807
6144
958
4093
6703
4733
2344
6373
485
2018
5771
2752
5985
929
6278
5132
2940
6990
3607
4956
6593
4158
3547
3238
4477
2459
400
6149
2874
6277
6646
2655
6460
5672
6570
6554
5434
2082
296
2736
4858
1264
2436
5106
3603
4898
6478
3276
3124
1608
5437
2692
6694
3960
676
3893
242
3973
378
703
3719
4427
6261
338
3774
734
453
6923
4625
4345
3934
4802
5051
3383
5788
4428
5047
5216
2225
5299
6002
5498
355
4214
6933
3260
6988
4047
4341
2445
6653
3592
3223
3715
5604
6154
3454
6575
1437
4256
5161
6977
1969
927
2164
6100
6295
1830
3466
3821
763
4702
4285
1529
4813
5074
463
6151
1043
2558
1279
1233
4200
3685
1296
4255
221
722
4048
3882
401
2409
3964
2178
3247
5273
2897
490
5371
1033
4869
3976
3440
4613
4434
4027
2429
5142
2015
4783
4059
1350
6680
2074
5355
297
823
5460
6160
5111
3214
5508
649
1354
216
2575
2288
767
3163
643
5518
2272
6199
4634
6798
3288
3038
435
5881
6651
1154
3888
770
1413
2070
6246
6113
47
4799
1349
636
540
1125
3128
4804
1708
5570
5381
1178
3676
6228
3422
6443
4374
5490
584
3263
5173
4734
1040
6698
4737
3807
2598
2421
1071
6096
79
5021
4791
4429
2969
3068
6970
2756
494
5588
2916
2069
1076
5981
564
3493
3812
2377
2450
4264
5301
4842
5819
1313
2992
249
5342
6366
1846
4713
4058
2132
3948
1339
2577
4669
5333
2302
1757
6202
3051
5747
2882
5484
110
561
6877
6503
4992
3244
4952
282
1690
3076
4034
5522
865
3149
2534
5519
3984
3177
1863
970
2947
6887
6445
395
3797
6095
3050
1960
918
2341
3666
5479
6494
5464
5107
449
5141
442
305
4774
2518
4490
2231
6387
3977
3079
1315
4299
3628
2676
6484
2140
1459
3873
1447
3310
1133
2792
5283
2217
6197
5418
1793
831
2354
117
2318
1601
6432
3463
877
4595
6438
1126
1699
5501
1326
1038
6937
1402
6662
5650
6504
380
5732
2594
6982
5113
3071
5122
3242
31
5974
368
5885
6533
5189
5960
6911
3996
2629
1875
1467
2738
5796
5955
3274
2392
4070
3927
5477
933
1411
6756
1679
5386
1926
4454
2869
594
6981
3823
3303
5146
4365
1487
2424
2740
6925
10
5852
3476
5780
93
6780
2555
3064
3675
1052
4055
3216
6148
545
3045
2374
5385
1913
6896
80
3210
4572
2686
1510
4910
158
2782
3384
4840
5040
5567
6940
6770
2845
1187
910
6734
5631
3822
3632
4865
2085
241
2274
14
4558
4499
2219
5267
5541
6346
1599
2033
2382
1955
6725
6790
2540
3574
3662
532
2020
5362
174
6753
5902
5893
3542
3837
1761
1891
1335
1280
5731
779
5359
3432
3395
3652
2722
3980
6031
1321
3424
121
85
5367
5321
4262
3232
4088
5530
373
6492
4488
3092
1460
4798
1547
2563
638
4019
1894
915
2481
1263
5457
4123
4894
2045
4601
3866
4077
2864
711
6410
2192
6806
1290
3572
1897
4402
931
3091
340
864
2266
2380
111
6635
1428
6726
5231
3375
2933
1788
4749
2903
3663
2667
1429
2007
1688
675
3180
2
5868
1019
3366
4439
4913
5982
4359
3500
2253
4603
1486
3765
2952
6510
655
4281
6139
1348
5753
6594
1879
1488
3409
4661
794
4379
981
6305
6549
6951
2295
3362
814
4604
844
1800
6499
6238
3497
3000
1882
2915
3623
1221
5860
323
3895
3619
2111
1205
331
468
1294
6395
5741
998
3789
1355
6032
5250
4576
5735
4888
5607
4793
5848
4405
6654
2623
4021
3430
6359
6436
1343
1138
5405
2435
1730
6686
3199
2040
3638
6143
2612
3342
2860
4786
6489
5160
5215
3442
147
6853
2496
5158
515
271
3027
5421
3116
5728
6689
3898
5568
1705
4834
5918
913
5966
4708
3854
5503
6827
5419
1945
3962
4167
83
606
1128
5764
907
5440
6526
3159
2027
369
3766
1797
6969
2313
5208
5064
5540
41
1612
2155
3025
5242
5156
2516
1481
4022
3681
4883
2268
2544
5531
4072
51
3621
3631
1435
4845
6560
2545
3065
1380
2739
226
472
1759
1314
1713
1379
6626
3678
4136
2765
650
5594
1158
5420
3672
1878
266
5307
4685
3601
3626
5647
2256
267
2259
2426
2573
5018
5031
1282
5804
3750
2492
586
2026
3357
6296
4512
6457
6502
4939
3938
4655
5025
2688
804
1341
5721
3438
914
1181
1941
3975
4098
1731
6660
6073
5275
4441
2873
132
5643
1553
337
6943
3843
6814
6459
2044
4920
1393
5269
6121
4931
359
324
5474
1252
5466
252
4693
1267
503
5856
6935
1548
2968
6784
1615
3757
2116
4247
3753
2098
4083
5805
1286
344
5177
4833
1325
6904
428
1147
2414
2491
3674
1373
2838
1047
426
2980
6758
2417
6030
5336
4307
6456
2489
5374
5580
4124
6055
6652
6043
119
1685
6028
3845
1908
2149
5138
1977
4979
3475
6301
4241
3410
6072
5989
2787
2737
3747
2615
1857
5555
5095
3842
54
4217
6048
2618
4826
6612
4194
3308
3329
3370
6883
5083
4562
6500
623
5590
2391
989
4510
3694
3462
813
1823
4224
1813
4994
2297
6522
2751
2931
3408
143
1318
2890
3522
5471
3491
4210
6235
1440
4366
4933
2278
1072
5322
6280
1636
3036
2550
4928
4711
3768
3046
5542
6964
2400
4725
67
3412
6953
6917
690
2011
5002
5534
1531
5889
2816
6910
2320
6710
2727
2191
3972
6248
1485
4841
5219
311
4579
4331
4695
2553
5139
4878
5272
2078
2829
6345
237
6110
5481
3673
5452
3162
4611
4484
2226
2398
4480
4392
4375
5023
1337
1491
5679
1164
3449
5616
6485
1532
4505
2578
5165
2600
5774
4018
4807
843
2172
5525
6585
1015
1141
3571
4529
4148
1700
6888
2487
3368
4100
4622
4280
4863
4914
2298
4066
5550
5794
5446
567
3057
1388
4598
3252
6040
2946
325
2028
1088
5831
1014
6816
1858
5904
5926
3404
3323
4407
404
3783
4889
6406
5674
2680
1822
4431
5547
855
6495
4017
5319
1968
4199
300
3266
1246
6966
1837
6451
2386
5448
6003
6343
2620
4248
4187
4880
5836
3883
1804
2983
3413
4962
934
6078
6093
1935
5619
1579
659
2905
945
1652
6209
3761
1160
5056
6069
2769
91
4934
5366
4437
2086
1827
4742
5454
4496
1965
2261
5730
1117
5899
6080
230
4475
5736
2079
974
6454
6245
1581
2973
3095
347
2067
5743
4198
3231
2379
4916
6179
5157
2934
2541
6336
3267
2247
5162
2937
3913
5492
2742
5408
2732
97
3660
6374
1626
2638
2955
842
239
5544
1472
4367
882
1175
4879
3933
4174
5684
5818
5729
5415
1078
4968
4756
6271
2343
4118
5700
1333
535
3903
6811
3104
3956
640
4642
371
5536
5720
899
2091
1353
5390
6821
22
4922
6550
4347
6250
5888
559
948
5680
4378
5472
4276
5171
3799
4476
1928
1234
6994
2627
60
2100
776
4179
5030
1058
968
4172
3764
3779
6129
6356
2523
1597
1123
745
6696
4356
4474
6944
2811
3855
1556
372
2844
5461
464
5230
4748
2565
5546
3803
1815
6893
3016
2814
5782
707
1289
3732
2073
5329
1578
6512
866
3314
1591
6527
1115
3006
940
4874
4983
3258
486
6568
5112
1911
1718
1932
5363
3164
1724
1859
3009
5253
4673
2604
2198
6393
3569
3846
3193
6701
2121
3460
1216
1549
5199
2530
2733
3048
1386
4211
1872
299
5532
5151
904
2650
4400
3074
2135
3756
2764
4697
765
6972
3931
599
583
6035
6242
3646
6467
4132
6123
2911
753
2758
642
5368
3392
3588
6577
1576
4972
6418
218
3684
1618
5118
5192
1675
4645
6938
3605
2139
5862
849
819
2960
1545
5109
5410
5229
4443
4919
2593
2643
4843
2632
3691
4578
1997
6599
5022
3689
6173
4989
6885
2953
4844
4546
6134
5765
709
6809
2089
5080
6905
885
861
5692
2662
2808
3651
6309
4237
3983
1200
1229
1668
3105
6906
1616
5563
4410
3902
294
5209
2189
6622
4209
5894
4275
1397
6241
5814
1929
6102
5847
2057
2803
1670
976
2779
966
6036
3573
1322
2887
407
3109
4283
6621
4168
4183
1614
2599
4432
5511
645
742
2457
3794
1240
2060
4911
6231
1745
2335
516
3616
3801
2423
172
6778
211
3733
1484
377
5055
5404
2507
1253
520
2804
2723
6088
5485
1831
1231
3376
3417
1107
3262
6900
6886
5360
2087
5016
5757
5688
2477
537
6856
4273
1273
6834
3661
1877
2805
3473
1494
1060
6541
5602
4149
6024
2729
5994
6191
2669
4895
3594
728
2949
5298
4628
4761
6097
5332
18
1661
496
4606
6717
5013
4252
2072
5300
6805
3257
1552
1306
3771
3182
860
2936
6818
3566
7
2081
5967
2613
4650
1574
3209
5502
1281
4882
2215
2276
2396
1351
5898
2741
2103
5243
5613
6247
2356
2928
2631
1140
2283
6403
5527
4156
3702
4057
718
5651
6772
751
3734
1936
2552
4348
90
6496
4917
5907
6997
420
1085
4036
6507
3348
6869
5343
4822
2495
6920
4081
4527
2122
3686
3336
4640
1157
954
1210
1533
1299
261
2982
1559
4076
6415
3642
4719
6647
6062
3549
2401
5614
4340
126
6922
6382
4615
1327
5377
72
3519
6755
3590
5119
2190
657
3335
956
2333
3917
4538
2746
1044
3458
5039
815
43
1824
5324
1145
5427
2944
3609
2005
6147
5572
3773
6631
188
4455
2384
1372
1627
6461
1560
1300
4568
2881
1791
5356
4177
3861
4219
6310
4649
5707
6976
3534
543
413
3820
4905
5218
5995
1172
4197
3145
1649
878
3941
554
500
5401
1478
409
5358
5968
4974
81
1065
5350
5057
5962
6437
4588
2355
5936
4229
1020
3664
2981
4271
1961
547
510
6101
3739
6639
5428
6453
3030
4541
5996
3905
1944
2405
4152
5489
1367
806
3825
4760
6159
2622
2921
5068
1134
2480
4053
1551
4559
3929
1223
1957
4389
3654
3831
1408
4555
4216
5123
2128
4825
6757
367
5922
664
328
1657
6901
1527
6675
1907
4459
5344
5506
2684
4912
6260
6705
6428
2375
2181
1654
3724
4265
2330
3259
6767
6288
2716
1916
3138
5912
1342
5100
1156
2560
6203
3153
1146
1005
6817
2056
6056
1082
1564
2891
4998
4225
3280
317
6749
6189
6692
2199
4623
4164
3325
6007
1466
6185
5065
5387
383
6669
999
4010
2385
222
957
3925
6828
3909
727
2798
761
1714
1185
6347
17
6572
4935
6431
2896
2712
6563
3379
5191
3296
3582
616
5887
5459
2852
1119
1293
6538
6566
4024
4337
1855
4790
477
1751
4145
1389
4003
6225
5465
6487
1691
2997
6076
1595
996
4519
4930
455
2617
5939
4500
3650
1580
5345
4936
3649
5286
1723
258
3443
3250
6281
4542
4862
3228
6945
2892
1391
2488
597
5482
2304
1329
1639
2839
4108
5335
5032
873
6524
1544
1521
3584
2657
5871
2945
1116
5599
6841
6208
5963
1305
4741
5873
6311
2228
2878
644
177
887
1469
5846
6812
6974
739
6959
3289
4478
1269
4114
5726
4064
680
2484
3755
5822
3387
4466
800
923
3390
1550
5120
1942
2353
5003
2211
2279
487
2113
6220
6852
105
5088
2349
6723
3959
3184
5827
3992
2328
1779
5832
775
6665
6971
4140
5878
6684
6946
1744
1209
3922
5027
5354
6892
4718
4208
3627
1610
6954
2444
4877
1676
5045
6603
755
4609
3381
6636
6417
2363
6569
6429
5980
6579
4574
6884
3204
6677
2528
4115
2299
2168
353
1174
2309
5248
5284
5058
243
202
4520
6810
6423
3450
1734
1007
4821
2700
912
5551
1080
4926
4397
6947
4583
4743
1445
5210
1958
6730
1203
2832
4409
2562
2084
3085
1103
2920
836
1340
2639
6687
2428
3489
5851
2372
5392
4893
362
2800
1607
461
6747
1310
1802
1375
3101
4320
3782
2088
6623
5520
5999
1451
5185
1807
4800
5153
4317
4461
3157
997
4750
2979
5905
3936
5166
5235
2124
4674
6751
1195
2774
1046
5078
3292
4332
5317
4812
5423
5762
5169
1018
4918
189
450
27
1132
632
4085
2806
4000
1587
5748
1847
3239
2539
2531
456
6313
3225
6302
4128
5290
5579
6690
4388
165
6146
3950
1758
6539
3330
4166
679
1182
3192
6322
6490
2833
4415
4738
4254
4457
5646
3253
1792
5443
2097
629
3613
5597
5164
2713
5708
700
2399
2601
2034
2453
2174
4950
4644
488
3137
4515
6737
393
6079
538
495
5079
2201
5447
816
4390
1311
6556
4540
2214
5802
3829
6027
151
869
4852
2314
2463
6041
3670
1304
4582
2549
2590
717
3520
3580
406
1983
771
4536
4870
6702
4311
4244
2130
2395
1180
5629
5850
6992
1319
385
4137
4635
772
6227
5403
2311
1898
3721
5664
3620
4771
3081
5523
2990
2888
3926
1045
1170
2479
3334
2300
3
4381
69
2570
5670
1651
2310
346
2148
6783
4269
6835
591
6085
4143
1239
4231
4305
6924
3072
6077
5338
4666
2842
5813
1988
6691
1712
4249
3785
1266
508
6711
4641
6066
3709
5378
6529
6801
5024
6022
3867
3183
2440
6640
983
905
2799
390
184
959
691
1112
2107
1665
1986
1870
1786
5369
4401
5091
2104
6857
1219
1950
4827
3966
526
671
1057
1979
3485
3667
314
2778
724
4688
3201
6104
2186
2275
2602
3127
2958
1810
4380
4617
6842
6286
986
2046
1449
2848
6409
1006
253
5445
6864
384
3333
4545
2513
5584
3293
3005
760
3167
5761
4964
1176
2031
6365
3456
1256
3705
3249
39
375
1499
3550
3365
3321
4686
4961
3428
5554
588
3696
1274
506
6290
2048
3023
1023
4775
6987
5702
2871
408
5449
1570
3248
4424
3639
6909
3286
3221
2715
1272
3982
2137
6803
1640
141
1122
1462
4890
6774
6578
6025
3759
2783
307
4982
2346
6050
215
4184
2988
6768
4594
1738
403
274
6629
1684
6321
3741
1933
1104
4004
3561
3742
4189
4288
3119
3317
2119
5071
1129
3282
4493
4329
705
3309
3268
3147
244
2690
6405
326
922
2568
2352
2837
4417
2821
2521
3585
3386
2236
2557
471
1504
1885
5172
4227
4106
3714
6826
75
580
886
3326
4978
458
2668
6269
5412
3218
3261
6115
4818
3399
746
4483
2726
4746
1245
2750
3315
3198
1605
4414
1066
5436
4597
6991
6368
4947
1625
4298
354
394
6766
4426
2987
1098
1298
42
439
5400
4729
3354
2628
656
2524
3527
3170
3986
5742
576
2609
1721
229
2853
483
502
4160
2029
2543
3952
512
4314
6005
888
6344
2303
5713
4212
5879
612
896
853
5297
2770
1765
5116
2535
2768
3856
4430
3738
898
5491
6727
6145
329
6682
658
784
6819
6165
1456
423
4781
6986
6413
6168
5249
3014
5196
1308
228
5758
1934
6118
6498
1426
3532
4328
1557
678
1155
4514
5595
1077
4384
5148
6797
482
4722
6838
1603
5759
5763
6989
550
4587
6399
4726
3332
2695
5699
3118
6086
4075
980
1344
6130
6039
4122
5826
2289
4444
5746
2458
5036
171
4002
5015
682
6384
1660
2781
522
3175
2365
2718
358
2307
1881
6930
2961
150
1338
1190
4839
2061
884
805
2049
4567
1260
459
1517
4135
3512
4652
3346
1686
1832
1697
1425
2106
3377
5920
1981
2951
781
3151
1361
2840
2710
6891
3270
4929
2267
3517
3360
3245
5932
5365
4560
1196
3826
6158
5513
5279
2730
6792
2221
5352
1285
4357
1496
2244
2904
1204
2347
4272
3106
5773
2368
4585
4131
4730
3535
3235
5740
2725
6789
2624
6807
6169
3808
6195
1546
3090
4509
1669
5042
5478
4764
437
6094
2849
5125
1849
1106
2362
1492
4948
4820
6178
6108
1729
5311
3864
5537
3939
6744
3528
445
4009
4837
5237
2938
5886
3849
6902
3958
2432
2526
335
4129
6334
5633
5586
1583
6017
5863
6222
525
1931
178
4300
3367
2102
5880
6389
1683
3589
4699
4908
4413
432
5639
2745
3701
3194
1130
5480
1782
2482
3275
3871
2610
5924
6419
6138
5240
4971
5624
5605
3777
2301
5557
6808
3918
2308
5890
1752
4054
2093
3735
2376
1493
6480
2013
6732
507
1037
6352
2797
1647
3503
5426
6314
3758
6034
2880
5718
6576
2194
2042
6762
6308
3679
4383
1366
2415
6439
5710
434
6266
1896
2744
3906
6704
4274
4406
685
3868
5543
2118
4676
673
2334
1943
2714
3156
4377
6324
6329
5587
2150
3641
6735
3945
6009
4142
4250
3391
3969
5187
3265
2185
6786
1656
2117
2846
2879
3729
6532
6890
3224
5990
1743
699
1248
201
4442
6285
3013
129
5841
5310
5127
4692
4289
3919
1502
2390
1324
2683
260
128
3634
2277
3067
1613
1461
529
2574
5766
6218
6364
992
2868
2037
1378
3142
3077
6606
1136
6718
57
2059
4159
1853
5395
6306
1228
4041
2239
4372
6610
3921
2508
4853
35
4569
982
3850
293
5874
1012
4304
6595
2351
1673
5711
1600
5652
4667
1392
2813
6833
4235
635
1094
1236
2367
336
1465
2826
6868
4627
3991
6196
5261
5665
1320
2950
2926
1436
4295
5703
663
4309
33
1633
6854
3146
1359
3446
3541
4420
2777
4014
5875
276
156
3459
3743
3039
6053
6531
2270
4779
1113
5473
609
2323
3700
5644
6091
1457
1841
6291
1748
6057
4995
2449
4739
3562
103
5121
6114
3699
438
3158
396
5859
1876
2316
3916
200
6081
1036
6133
1162
5618
2603
5495
1854
4121
639
1405
6921
5693
3187
2900
3978
3752
3560
6284
3255
2644
1728
977
4023
5186
4792
2626
3078
2635
5510
4242
4015
2212
6729
1250
1454
2340
863
5767
5453
1555
5660
919
498
2910
3830
6331
5621
928
5725
3305
4806
4291
687
2673
2611
6761
4614
287
1868
2265
5126
1059
3448
5339
38
5661
1039
2651
16
5194
702
5244
4061
2898
3042
2064
4240
4654
5179
900
4846
3876
6107
6617
5669
1473
6679
1646
3403
4185
3082
3851
1385
1862
5308
2504
2176
1458
5486
1111
381
2697
672
5678
3015
6546
5046
6298
1309
6026
6895
4797
5258
3892
6625
3716
6125
5611
5947
4226
1706
3604
6571
6939
248
3132
4757
2296
2464
5929
4784
5865
6327
5145
3279
2099
4945
6082
2043
6465
667
3563
5075
2002
2498
5487
3955
2410
633
4755
872
1996
2431
2125
1609
4621
2177
2796
4835
21
4990
1770
3388
3234
6644
6188
6192
6090
3852
3963
971
6011
6760
4658
5422
349
95
1431
1906
1526
37
4268
4060
858
3316
1816
2672
6219
901
1735
5274
179
1283
3915
6813
6949
3865
654
2006
9
235
2595
5776
4600
3111
2332
278
3769
1711
1994
4
6832
5915
6274
6358
3844
5842
827
1709
3725
224
6181
821
2207
876
5698
3470
6752
4146
2731
4647
4794
850
6137
1582
1237
3129
4549
1809
87
1259
3359
5438
2996
2430
1406
2025
2024
2233
2748
350
279
4222
5943
995
1704
1501
6430
4116
2234
5388
15
6973
1696
6870
780
2017
681
5685
4396
2986
6738
6742
6212
3001
6421
762
3349
4836
1915
2446
4346
6259
5009
4319
2675
2175
3565
4458
2000
1760
528
40
3863
3796
3060
6978
6033
3930
4610
1987
4550
3872
6980
3344
2989
379
2406
5798
3331
2614
499
2941
24
2359
2434
3444
6763
6426
3088
3110
4238
879
1242
2583
5094
5637
2701
4259
3979
1978
6488
5147
2235
684
467
2645
3434
484
5626
3798
5593
3461
4876
6162
4469
357
3028
4796
1153
4277
2474
6166
466
4754
4665
5817
5053
4985
4037
4176
272
3207
5396
1297
5416
1565
5406
6673
1701
6771
3372
6054
1650
1620
6787
1022
59
1483
6119
874
5923
3505
2861
3847
104
2158
4664
2529
58
4205
247
2702
4440
4232
6157
493
5265
6132
3780
1031
1584
801
2039
5281
5657
6479
2317
2397
651
2241
5772
3671
5830
2433
2654
3049
4747
5006
2963
2831
3044
830
2587
5964
1820
5257
3999
1927
1442
1346
5882
725
1016
2724
4321
5884
1867
5801
4984
2053
4689
2547
534
5632
3643
6769
4963
4395
3236
6724
2647
3220
2258
984
5755
3997
3693
412
2051
4705
25
670
6264
4543
6004
2809
3089
3150
862
1836
142
3815
1772
6176
4239
3961
2877
5645
5953
539
6516
3836
504
4901
3185
829
2204
6287
6320
4892
4324
1921
405
465
2188
6362
469
5601
3086
2337
1301
5411
4715
3599
6379
2154
399
1889
1852
2193
1528
2471
6764
3007
2679
4170
5213
4966
2509
3278
3884
1202
789
5351
6782
6186
808
1952
818
2220
5149
5010
618
5686
6676
4768
3557
2975
2126
6927
474
6843
4694
2640
5233
4173
1262
1001
6670
2867
5398
3437
6873
1922
2687
1377
213
1905
750
4533
2585
2865
6697
4386
2460
3656
1811
1732
6448
4282
5439
144
1139
1334
5020
4421
232
1775
1984
3295
881
2475
1258
124
6372
4353
2494
3793
5326
6618
595
6006
6671
5370
183
2281
3097
5245
2985
5992
3949
3539
955
4206
6289
1087
3668
2959
5200
1191
3894
6323
4310
2855
5825
6424
544
3436
4071
6099
666
360
5316
3373
6961
6515
6
1959
4293
5630
2665
1695
668
3284
5433
2345
4969
6272
5839
590
2350
2009
2388
6303
5867
356
5577
234
4157
236
2757
1026
2245
5828
2976
2167
2422
1554
5066
1345
321
4327
5082
6871
4592
2269
3567
2325
3115
1515
6800
5060
2076
6008
5509
3712
341
961
2427
6183
2466
5353
1438
5455
615
2021
6849
1956
4630
2514
3800
3206
6600
1254
3875
3455
653
5159
1513
5175
4944
2943
3795
2666
1825
5101
3107
5655
943
3586
2743
517
1092
6340
641
1839
6681
5892
1638
521
2014
4112
192
1482
2229
5315
1179
1783
3378
5575
5606
1232
6840
3022
3890
429
284
4618
6435
2851
5722
333
897
4220
6141
4573
4236
1369
3469
1538
4506
3222
5561
2754
558
3814
5944
4927
3985
6960
3302
6339
1946
692
1883
319
2922
5076
587
6956
3102
6059
3131
1991
447
701
797
3435
2197
1328
5000
6425
4333
6213
1606
3126
5916
2371
1967
2144
1990
2824
4068
4204
2584
1812
5556
5635
2964
1768
1845
5328
4767
4336
6065
4486
4831
5104
5998
131
1833
3839
2696
283
66
1423
1099
2022
4819
6376
4902
4554
4230
3581
975
0
1507
6318
4343
6975
6010
6794
738
2143
2419
3010
4028
661
6580
868
1448
3538
5313
250
3328
3094
4267
3338
909
4090
4605
6700
6536
5749
5709
6307
2348
2532
5638
2538
5458
1288
895
585
5797
2605
2977
5247
936
769
5617
2369
4915
3683
1842
630
6607
2753
960
6294
552
3441
610
6874
2452
2907
5986
2664
2995
1923
1419
2841
4080
6354
2859
4318
1054
730
4223
5128
4732
3529
1537
3474
1805
5114
4303
3040
620
277
181
190
4450
163
3396
3154
3099
5627
4663
5292
2263
4297
4857
4873
2338
2381
6463
6251
3069
4885
4701
1394
5969
6672
4460
5734
427
3809
2173
4181
6931
3123
164
5835
1829
581
6540
49
5130
4924
1121
5877
2942
1653
4959
812
4030
6408
634
5909
6657
1042
1143
2378
1953
5539
1017
2689
5073
157
2497
1840
6361
2780
3690
231
2331
2251
5087
6229
3083
6596
2660
5564
4195
6996
6341
6175
4736
1357
3987
5061
2218
175
3169
5188
1939
6903
3227
3910
4040
3749
1382
6928
3401
708
3946
4234
2807
3281
212
5347
2412
3047
388
4867
4881
2972
1566
5167
967
308
6796
4828
6187
694
3859
536
5007
3614
2913
625
3405
3748
1720
2682
76
259
2566
3189
3648
2515
4065
5952
2114
2850
3718
6743
1360
1710
4788
3593
5069
2847
4967
137
6446
1666
5414
2734
1090
1055
883
4607
2659
624
1520
6741
5211
752
462
2075
5278
2885
2810
3073
6650
2902
6476
1149
1763
288
3324
5853
1401
5282
245
1439
4471
4735
698
2179
1662
1707
4632
2567
6440
4829
3416
857
648
4991
386
2984
5603
5136
3343
167
6962
3411
3862
5476
6200
6950
3299
6342
1051
6128
6215
5956
5507
1817
6223
2703
3988
5571
1530
1455
3445
5768
4464
4556
1441
2966
5037
5203
2970
1000
2677
4586
3989
460
6083
1622
3004
4481
5784
6597
5469
1998
6611
4153
3640
2282
2054
614
1694
2071
2473
3452
3096
4436
2956
4141
2836
4951
826
6084
1453
4382
1938
972
4144
6244
169
2246
99
4759
3243
2243
431
5673
2230
3954
2408
1726
1450
6257
2131
4119
5843
4591
5391
3940
1844
1982
5690
6375
5181
835
5444
2802
1508
1850
3860
4155
34
6293
964
4938
3140
4099
5475
3347
6517
2856
4188
5462
2971
852
2327
2364
3019
3833
1303
2592
4657
3484
5538
1795
5288
4631
4138
3117
1910
6707
1764
3889
3775
4946
5340
1495
4528
5913
4094
3595
5582
574
6449
430
392
4671
3509
2292
1509
4720
2576
953
1774
5044
5812
1224
1227
364
4315
2016
3031
3928
5012
4467
5413
312
4728
2035
2636
4516
1490
5738
607
542
3951
4859
2182
2930
4513
4523
4584
4903
1109
2105
2642
4660
942
3382
2472
1887
1371
3495
1370
6882
13
601
6967
3763
3596
2828
1171
5806
138
5038
5129
1226
3974
4006
6881
6135
6867
706
46
6360
5430
3341
569
2443
2500
1208
2293
6268
969
1535
2502
3144
5855
5733
1975
5407
6458
557
1064
5349
5302
1011
2138
4316
6112
5293
2216
4703
1563
6624
5212
159
2050
480
3957
107
5270
2901
4776
3677
2749
2115
4563
193
374
2755
56
3835
263
3629
4393
5983
3870
5289
979
6542
1919
5493
2786
3011
6493
3415
1746
6558
991
4633
3827
5220
5971
4419
572
4308
6545
5834
5908
1796
4086
6416
1803
5050
6839
3037
217
3114
2899
3181
523
5011
838
4954
6894
4565
786
5785
310
3502
3318
6993
1142
3555
2036
6016
5659
5238
6038
4361
6663
4809
1623
6907
1421
2003
2747
3658
4462
1317
952
5195
4856
2974
3885
1062
