4367
2329
112
606
2116
3910
3363
3857
1959
953
3000
2039
3789
3787
1856
2548
1657
2940
2273
3457
2000
817
1675
3629
2693
3735
2801
2325
4727
845
698
1486
1181
3231
3749
294
2930
1226
2815
1807
3420
1931
3911
2776
3726
2595
115
558
4651
4960
357
4650
3158
2134
2925
951
4926
2026
292
3766
4416
1670
781
4776
2495
2846
3671
1043
2985
3738
2609
1889
1996
2618
1416
4083
2833
2755
1495
991
1121
375
3675
456
4455
1864
1791
4014
997
3593
2767
448
555
1251
2617
3227
1040
2989
1010
1999
4827
4209
1602
4098
2638
1771
4975
3422
1037
494
3142
744
519
740
2435
365
1301
113
3615
2672
2943
1204
3280
2310
2709
1461
822
391
1911
221
2694
524
3449
2302
2235
3651
1160
1002
528
2160
4254
4728
4580
743
627
2185
796
4407
1790
1409
819
1598
295
4332
2995
3683
2826
1706
1228
4267
137
1001
489
2416
607
1200
3976
1591
2918
3844
3807
4372
4861
2621
2585
4414
1664
4362
2424
2126
136
2370
3572
4476
308
908
3152
2326
629
3048
4769
2567
1320
399
3524
3590
311
27
3417
4157
900
2718
734
1729
2629
2915
2990
2181
1637
513
1020
4526
1533
552
4924
811
4303
4578
1783
2635
323
4725
2331
14
1992
2192
1524
33
4392
2354
4676
3260
3723
1859
564
1244
4096
185
2133
4381
3395
117
2750
104
4683
4883
2068
1342
539
3446
1369
1180
2860
2844
2587
551
1744
2806
1557
4537
312
3321
4715
3556
1424
2657
386
858
1202
4233
662
4371
4206
4266
2208
2405
200
3442
4987
1627
599
4453
3418
3639
3371
4221
4759
581
2725
4569
3271
965
1334
3657
1421
1158
3267
4585
1572
3426
4597
3419
453
3893
3297
2474
3205
1711
3523
1751
380
438
4323
4819
1708
4811
3025
3183
1146
245
2953
4816
853
2702
2081
1102
4159
4766
1085
49
1256
4694
3884
2312
2508
1293
3242
2984
193
3412
4820
3080
2838
3539
463
392
4154
776
4705
1740
1745
1152
3208
3252
2306
2913
1081
2065
4909
3
172
760
672
1665
2966
4211
2497
4149
1534
1904
2710
4240
477
3368
4048
3758
127
1490
3279
1169
3812
575
469
634
651
3867
4781
803
231
31
69
2892
3149
4670
872
4150
1655
1516
35
2373
1973
2862
2655
2898
3966
4898
2032
3144
479
3632
4657
4688
1836
473
919
4032
289
631
741
2412
4681
4901
4940
1389
712
1739
1296
4635
1945
3680
2224
1038
2586
3224
4131
4797
4349
942
2753
2637
1850
1813
3064
2611
2730
1223
1370
2180
3173
4566
3779
2784
174
4122
2734
3819
780
3917
1097
3578
2570
3597
2171
152
2647
1386
4295
1523
2121
2231
316
250
492
2537
212
2276
1633
3681
1685
1618
2980
4554
4189
3707
3175
3229
2485
1948
891
3889
1179
1182
2936
1747
61
4736
3908
2752
4894
565
1815
405
2883
1082
2469
2540
1155
3829
3067
3465
1174
4875
2700
4722
1492
833
3444
4591
204
2321
2875
4039
1715
1852
2682
4277
194
4201
4090
3619
3631
4070
40
4492
546
2173
2668
3903
2848
4889
1689
2304
2158
2684
2972
2059
4525
1480
2368
3790
2594
3003
3192
1249
1229
2996
1056
1914
3379
2861
2780
4662
1213
2578
4369
625
1021
3491
2584
327
1568
761
3196
1626
4612
4832
466
1546
3122
4748
1079
4862
2526
1521
1378
4471
4643
3808
2969
2588
4981
3251
840
3513
3068
1894
2461
3937
1
2676
4272
3868
4652
549
1215
2085
3296
3015
3554
287
2317
2602
301
129
3008
3743
1139
4654
986
4388
1108
3870
3090
472
2459
2923
1402
205
3596
3715
2047
3710
2020
2216
4942
2267
1388
2146
4190
388
1128
1995
3586
1059
1926
17
4114
325
2285
303
4896
4436
4229
4050
2094
4102
1141
78
3755
1285
3984
2562
543
2113
2899
2529
2840
2217
1332
1049
4922
356
727
1650
560
1214
4044
4478
1796
4631
641
2162
2472
1348
2982
2963
4263
2706
3527
1821
2351
425
4373
242
1048
4294
3013
1922
4278
1510
877
1116
1705
711
2703
670
418
449
2426
850
4508
3355
4068
4340
3289
1398
4346
1551
1693
4243
1826
1478
15
916
4238
4018
3351
4779
451
1902
2669
2447
218
1576
709
2051
3201
2144
525
2678
866
3467
1525
3994
4093
1832
2522
752
3016
2581
4336
663
3895
4448
3730
270
3770
1413
898
2555
3750
1115
593
2269
3947
1770
2549
2419
2125
299
804
1135
180
2197
2034
1901
1843
3784
591
4530
2646
2037
4663
4305
334
3246
4215
1206
837
1707
3599
1559
4199
2191
4606
3934
4493
1259
3249
1558
4335
1519
1909
3828
3640
2891
1541
2658
4867
4204
3960
3160
1270
931
4027
478
2341
3325
134
1908
2165
2795
4225
4838
246
1609
1167
1013
2252
1448
570
3349
2394
3167
410
4181
12
1983
1411
1262
2132
4731
4764
1514
906
1191
905
661
3259
4200
928
2652
2031
2661
969
1779
3162
103
4120
1870
3549
1354
717
954
2927
861
601
563
4184
605
4389
1812
63
1414
1604
2520
588
2202
251
2335
3740
486
305
4438
4552
1596
2360
4054
4563
1553
1838
3964
1857
1130
138
2330
4999
826
1924
2261
3069
1485
1268
3263
4789
3326
167
3099
2544
610
267
962
2327
2689
2671
2597
4852
3463
4939
4818
2695
1712
801
3882
2950
1811
4452
4730
4108
4260
4253
2534
3337
4587
531
211
3375
3124
3573
679
1093
1073
2770
2441
4858
748
452
1538
1340
4713
1849
4570
812
758
436
114
4123
3070
674
93
4258
1896
3116
4826
4718
2070
1610
2500
4959
3880
3786
1482
772
3571
1417
372
2640
1703
594
2159
747
2978
4555
1917
173
1621
4794
3317
1730
4306
4906
4835
1504
3471
4473
4604
34
2371
4062
4752
3432
1916
2797
4626
2944
139
4548
507
4082
1847
2853
4264
693
2063
4088
2758
506
1724
1888
3568
3272
773
3796
398
2964
4390
2311
3236
2836
4577
3706
197
4155
4130
2110
2243
1884
2939
1333
1642
1058
1460
1978
750
4579
2305
1872
3879
880
3112
2465
2225
714
4257
3741
2236
782
348
484
4721
4723
1517
1207
2279
1346
2914
2897
2342
889
2837
3027
1499
3659
3359
4628
1412
878
4074
1527
1497
909
4784
1227
1255
402
4843
3622
4409
1964
1358
1975
4949
4479
342
2196
3515
639
3200
2909
1756
3427
4191
1741
3722
223
3461
1544
3769
2911
1321
1742
2994
3783
4914
2479
2841
2920
1673
1382
1456
4037
820
859
1459
716
4202
2632
990
2766
1257
3211
4956
3179
535
3899
1107
3239
3653
2179
4979
640
3052
4564
1860
1940
322
1343
2965
2253
1998
707
3397
3437
4480
3877
149
2234
454
1605
3235
3348
3484
4234
4147
2539
2748
4900
3985
3185
2054
4005
1696
669
1881
4007
1949
745
3194
1210
4033
3499
1379
53
3357
32
3358
1861
3834
85
195
2973
2200
3462
363
3110
1407
4302
3963
3396
3157
2296
1076
4708
2444
3494
3859
306
4649
2139
4574
1579
3177
3103
24
4405
1050
2820
186
2466
3618
2220
3930
2177
2001
789
2109
339
613
1110
529
4310
571
4888
2402
1083
3180
4170
496
2666
1518
3815
2829
1734
585
888
4265
3777
2691
4144
917
541
4967
2198
4558
4444
3701
1323
4598
665
1997
2199
1046
1145
238
338
995
1136
3698
4795
3861
441
2286
797
1302
1529
3450
497
1754
222
694
3733
4664
272
1143
862
2792
3848
4658
4296
20
3674
4292
426
1153
3498
4970
2189
846
446
3127
3082
2411
4778
442
3023
971
2291
1608
4801
2816
165
3912
2237
983
3751
2769
4382
1994
3702
364
615
871
4273
346
3408
2507
2506
164
616
1189
3293
2579
2108
2919
4169
4850
3745
4164
3123
48
3998
3687
2044
4594
3028
1913
248
2660
1012
4931
3575
366
1195
2726
3667
2193
4785
1835
4755
1584
511
842
1447
3219
4457
2471
4000
2017
353
2043
168
1491
874
219
3077
2122
1377
710
1234
2401
4358
422
3792
1556
408
3155
1070
4111
2933
4863
4031
1288
929
3878
1549
1381
4834
3892
3601
3574
4698
412
2434
2148
4241
2283
4560
2318
1205
542
860
3486
1434
4595
869
2527
2484
3942
3814
1622
4774
2076
1880
1738
2777
3030
210
2336
904
2600
3159
2439
1643
3237
590
1035
445
333
3592
4183
823
427
4865
1305
1171
1577
126
3304
3965
4036
1363
2246
4298
3415
4483
176
967
4019
2498
3916
480
3354
2127
3150
4802
3995
2140
2174
2413
4946
1441
4897
4647
4387
2765
3007
4059
3191
2614
4921
3509
2622
3044
2284
544
2072
4311
2997
3266
3490
177
2545
2106
1347
3905
2111
1748
728
4176
4760
1088
3140
3954
582
3447
3830
4638
4016
839
4793
4456
3241
2278
526
1031
1311
1147
2681
4313
257
2850
3095
757
2928
505
2690
3982
3436
1011
3147
2739
2280
3433
2744
1798
3034
2182
3658
2865
3847
3736
3956
4282
2014
4679
4584
2817
2854
4104
4938
1727
4549
2873
2502
3576
4839
52
2149
3282
4297
2112
404
291
3845
2097
286
1168
360
1841
3684
947
4153
3654
125
262
1918
1863
2998
143
389
798
3625
2721
3154
1469
2778
1511
4935
64
2771
2064
3255
4065
509
1560
956
1232
2274
485
1336
1299
4837
1444
4732
1318
2654
2390
643
3620
3104
1273
989
3424
1078
4745
3652
733
2855
2364
755
3926
1150
3234
3508
1415
2349
2123
3456
2052
2625
1623
2867
171
2947
3673
431
3612
2935
1583
503
1927
1768
3135
3557
2673
2345
2623
1663
4426
2876
4703
2398
1969
288
4001
1640
530
4892
1375
4992
3500
2332
3896
3221
345
4495
1687
4415
440
815
2333
3342
4145
3949
2423
406
4763
3164
881
1357
2450
3945
1910
1919
547
4175
2741
11
3322
94
1360
3997
572
2315
1163
1772
713
2289
980
4943
646
2524
975
4989
2798
2821
2061
3478
4637
944
3262
1619
3445
2348
79
1314
4339
1023
1950
4870
3029
4287
2819
1701
2075
1762
925
3906
0
1090
2352
632
936
1338
1162
3378
554
4020
2102
3932
685
2425
636
4011
3390
330
395
3853
4040
2946
977
1272
1543
3600
1613
1946
4203
2812
3086
3728
1589
3788
81
3113
4325
4361
4866
1649
3380
3866
1764
1646
2633
903
3656
4856
3087
3136
4301
421
4853
4911
684
1479
4464
901
3218
1344
385
4542
1425
2496
1004
4993
2715
1203
4350
884
719
2025
681
1245
2161
4538
4474
3314
3520
147
2117
735
1493
4890
1905
487
4435
44
1086
256
2337
4334
3919
2968
4692
4489
2869
3605
1580
2962
824
2491
764
225
1595
3197
3537
2120
3548
2696
1233
46
2203
4895
4279
767
4840
1819
2685
3083
1452
4116
1184
97
1731
1561
4413
400
2807
3425
668
86
4249
2288
67
4746
3806
3676
3323
4880
4886
2389
1225
2906
3501
3300
517
84
4829
2772
4743
4531
2004
4986
940
1725
4477
1792
4400
3394
3120
1449
3551
1187
4868
1395
3051
4667
4084
3693
2131
1253
1282
4815
4855
488
3763
2864
2885
4194
2582
4285
4702
2941
4179
4937
4762
3873
3636
4653
2624
3320
4790
3516
2823
4484
3031
3850
1064
1365
2948
2322
4912
3747
3927
791
314
3493
790
3606
1080
3793
3865
3291
4326
3885
1651
2406
4418
3050
1794
2905
1041
730
2169
2138
3689
2418
4242
4588
3661
838
577
1022
3220
2343
4592
187
1071
4765
2381
309
3210
2210
3287
4983
108
4590
3699
934
1380
2035
4067
2665
763
4994
4276
2800
3233
3507
88
1505
2386
4270
2154
4512
4529
3108
2048
3795
4445
2107
4137
2470
1503
4220
2895
2644
3071
4460
4376
4315
628
475
1276
4156
3398
296
3188
2761
2358
3018
3184
3059
548
854
1397
2796
2251
943
895
4860
1929
2420
1243
759
2457
19
2186
2440
1199
1266
2986
1545
4758
1575
4982
1638
1250
1330
1943
2388
855
1474
2446
1387
3411
3181
2372
3818
1133
2613
411
4490
381
2742
491
4515
2687
2266
2601
1260
1539
3079
1390
4836
3276
4625
3874
941
2523
3928
957
1111
2093
243
886
1915
3869
277
2290
1450
4041
1757
90
1247
3767
4092
3098
1008
894
1661
645
4223
1760
692
3283
3521
805
259
1201
3238
1352
598
1468
424
3900
1743
2167
1636
1067
2804
4197
4798
1716
42
158
4518
617
1512
671
2448
4347
1522
2643
2903
102
3333
4630
2929
2295
3198
83
254
566
2087
3111
2176
3929
4599
1631
3189
1418
1368
1787
3562
4318
3536
1209
4596
3921
3204
341
2686
4205
2240
1953
3981
1804
3115
1307
3102
2483
1281
3217
1644
3580
1531
642
2128
43
3941
2877
4461
3330
3533
2501
4869
2038
2728
3584
2363
4645
2589
3802
3803
3630
4671
3563
4754
4075
751
2603
4469
4805
4463
99
3935
343
2859
705
1848
340
1183
1261
2050
950
2049
1532
2926
1467
4672
3617
4904
2486
3277
3118
832
856
3406
2105
3247
282
58
1015
3897
4775
2608
4166
3352
3006
4817
3647
2056
864
1752
4085
4268
2887
4091
2268
3772
576
4964
2628
1513
3781
847
2893
721
2515
310
4291
2626
2843
4961
2717
4312
1219
1451
4951
2901
2993
3088
230
4004
3602
1237
4224
4451
2257
462
1475
189
51
2510
4773
4439
2355
4640
4726
4138
3399
269
4231
226
4317
4738
1052
2552
2805
4443
1404
2361
3458
2912
4139
344
1408
2959
4056
3822
1188
4216
1816
4488
1286
3589
4539
144
2532
1176
121
65
1098
3085
1802
4844
4666
1009
3611
4771
1925
198
687
2156
2987
4699
3688
3042
349
4271
4193
1433
3453
4061
1335
515
2565
1968
461
2316
5
3240
4060
3638
4957
420
573
4132
1656
2908
2839
4544
450
1190
938
1089
3771
3826
2599
1947
4507
4402
2553
128
732
2250
3581
1161
2492
4876
4750
2583
1264
4527
827
3285
771
1405
523
2013
3585
723
3714
1396
4337
3146
4487
1797
4571
3635
4094
140
2572
775
1374
3720
4751
937
4047
4998
3517
2376
2238
3644
2473
3902
2569
4565
4171
1594
1907
1373
1172
501
2319
2749
1055
2656
2254
3096
60
868
3761
825
4146
1890
2028
3760
3805
9
2118
347
3567
3057
1317
2010
3645
3541
2223
921
1830
3365
2069
2409
532
4948
4384
2975
4602
2129
2724
504
2029
1308
788
3381
1489
4927
2712
4079
1420
4338
814
1537
1140
1600
920
2404
1824
4934
3206
3373
2042
4450
3410
1315
1029
2084
3983
876
1866
1937
275
1345
2679
1016
3776
3383
4974
4849
1720
3933
3014
4962
4780
4600
4627
4899
630
394
1353
994
2221
2727
4173
3757
2136
2932
1854
2481
2281
4180
2088
4025
3404
3376
911
2896
2245
737
4581
4013
2701
4022
2382
4636
2737
2754
3560
4034
2631
4714
2301
2392
2213
623
1446
1120
2157
3824
2745
3148
4988
1125
2916
249
1957
2229
882
1526
22
1017
227
2397
3366
3075
3065
240
1630
1507
320
1793
1024
952
2729
1990
2175
4433
2328
1652
4680
1275
3137
4985
536
972
1862
1875
4941
2074
4366
1124
4399
1828
3876
3019
1142
1383
2297
2889
3464
2380
2452
4893
2294
1694
160
3598
3343
2066
4557
4006
2616
3525
3559
3106
1435
280
2078
2789
2239
2714
1216
2974
2344
4341
2619
307
3685
4913
1453
3226
3421
4966
1822
3588
3547
1047
239
688
2142
1666
1540
2663
3729
4812
2209
4882
2083
3480
3648
170
1109
3335
1426
2556
4772
1303
4582
981
3141
4520
4991
4847
30
3641
3151
300
3066
849
2323
1263
471
4524
4809
1799
3862
21
3887
718
2275
1612
786
4322
2073
569
23
4284
4719
3024
2353
1825
2449
676
2738
802
2262
4733
4851
1132
1893
1458
690
228
3915
4058
2543
1060
1362
2803
1639
3836
4533
1341
2462
1027
4143
3532
4101
722
1681
1733
4023
3694
870
3078
3448
1280
124
1571
4831
3957
2888
3468
3311
2403
159
1658
1292
2453
4247
3214
1928
1877
2058
1194
865
416
738
2791
92
2314
1831
1066
3254
4230
1753
3125
2808
652
3626
4550
4017
3265
154
2410
146
1723
4119
2740
2847
589
1509
7
1699
3055
464
413
4046
2399
3595
3616
2924
1903
4521
2566
3503
4356
1680
3628
1193
2027
922
2651
4411
4978
2396
3773
3529
169
4980
120
3987
4622
2436
4432
4049
4536
1274
3347
4559
683
3811
4669
3535
4770
1410
3413
4704
4316
2018
3973
2287
2788
3215
736
2067
3768
2874
3678
4182
3785
2060
2790
4905
3993
4250
2756
4
2422
715
468
3936
4504
1428
4739
4724
1166
328
3438
4009
135
1462
1868
4973
518
792
3114
2077
3660
3977
1833
1501
1678
1654
4472
561
3466
1267
1603
133
3054
4187
2011
885
1728
4089
635
151
109
1980
2383
493
4933
3505
3324
2400
4697
1547
2451
2525
4873
4038
4502
2391
2902
3257
3642
1051
3918
1788
4319
4394
961
2516
4468
3002
3972
1359
3719
2547
3303
4140
3033
373
970
3389
3392
686
4063
3794
4226
708
3081
1157
1982
4010
2775
1586
3962
2677
1063
4936
3223
892
4928
2648
3305
3318
4057
4141
4076
4417
1074
1019
1430
3833
756
2271
2680
579
1981
26
3129
1427
3332
1565
4857
4244
3334
2150
3842
1837
1118
667
4562
4804
1599
188
4227
982
2374
2338
4710
1114
4345
1520
4259
4428
2751
3992
3281
1628
1679
317
3472
559
1134
4481
4174
3587
1761
16
4142
38
1702
2607
181
948
4902
153
434
4887
13
3840
3633
459
655
4792
3168
3759
4517
439
1758
407
3871
537
4848
3423
4403
2746
1717
283
4608
2970
999
2230
4969
3502
2868
142
2334
3153
2814
4213
1502
835
2763
2228
4767
2535
2952
2921
550
4674
3831
3540
4810
2377
1106
2015
1464
1391
3362
4800
3452
992
3883
266
510
4910
624
4514
370
3608
2976
4289
1776
203
3481
3193
3544
1294
4128
2248
3734
105
4117
1481
1845
4675
2561
4925
265
2030
4634
447
3817
3213
2782
1944
3199
597
3852
2809
367
390
1197
57
2551
1775
4217
4442
4324
4932
1119
2366
834
1987
1688
3039
979
1865
209
701
1645
4513
1647
4368
2736
3550
1755
4053
261
313
4081
3174
2151
1567
4427
3319
4528
1122
1653
122
1834
3345
1186
4575
1192
263
1879
4121
3344
650
910
355
3056
220
2743
2057
574
444
649
1789
3040
4377
1554
68
4737
4945
2560
2878
4543
3270
902
907
2454
4821
4168
2781
4885
4112
2489
3336
2979
3782
2886
4787
3841
56
4274
4485
1934
1781
2722
2183
2215
362
474
2662
3696
1231
2653
3725
3288
4687
644
3026
2811
396
4823
1154
321
483
163
4655
4610
1641
2822
3716
2931
848
689
873
534
1439
4342
4854
1749
4553
913
4163
794
382
237
2488
1212
3764
2533
2194
3798
2513
2716
351
2190
1144
1587
2487
852
2247
799
4275
4430
4567
4822
3825
2517
4008
3382
1892
2356
2095
3797
3428
3727
1289
3295
3400
4072
1457
2201
1440
3703
784
1617
2910
2509
376
1129
1487
968
3953
1566
2704
378
95
132
3134
2313
4673
3364
1068
1818
739
1112
377
3454
4551
1283
697
2835
3665
2907
3925
4782
4314
387
4707
724
156
196
3004
4644
3624
2799
2852
4360
4720
4423
3564
702
1211
4078
3076
4494
4329
3913
4871
3832
1196
2856
3469
1667
4125
2090
4568
3542
1465
4952
75
3451
3864
3036
1057
3858
1923
1648
4210
2971
3778
1933
3310
1065
4378
2511
332
3278
89
1240
3407
1123
4343
586
3875
4753
2834
2719
2114
1100
208
1349
659
106
818
4586
4261
206
297
2195
3634
691
2692
1295
3256
4321
3951
774
2233
2697
1635
214
4510
2938
596
1686
706
1564
4218
201
3163
3302
3360
578
2531
2831
3372
3967
4470
1366
1839
2504
2557
3737
4248
879
2207
2720
4841
3756
1423
3244
1185
1942
2760
2904
3017
100
2934
3243
638
4859
3298
2166
1900
1726
1773
3538
1607
2598
3440
2320
4955
2620
3754
358
4958
3429
2205
3130
3856
1535
1236
3401
3312
3835
1385
4288
3063
1891
3846
4290
4395
3495
432
1536
329
660
4029
778
3894
2880
2375
2141
3820
3416
1883
285
749
2478
516
4107
2456
268
4424
1508
620
1774
2711
4028
604
374
867
3121
4357
1956
4421
1777
1208
1930
4052
2639
4659
1962
3476
1339
3686
4583
1668
3119
1220
863
279
3073
1920
2040
945
3558
3012
1432
2494
3145
4561
836
3060
1710
557
4749
1662
4923
2577
3393
4320
816
1616
3475
4997
765
4825
3594
455
1328
215
3708
4684
183
1473
2477
2480
4393
3367
465
4621
3959
1778
887
3187
664
3724
2977
4499
4246
2627
1954
3717
2732
1806
813
4572
4498
1714
987
2937
4546
2664
958
1175
3637
1842
4043
3837
4486
3742
4668
369
2554
993
336
3074
2417
2308
1393
4262
4353
964
157
2433
4874
3307
1606
1376
2999
3565
2683
3264
1895
4396
2222
1690
1221
4813
540
255
4406
326
3971
3171
2258
3132
179
1955
430
4113
45
785
2407
2564
2024
4947
4690
3190
4118
2006
116
3603
4519
4304
2900
3968
4196
4963
4412
4459
3126
3704
502
47
229
118
2362
4791
1800
3886
3248
4222
973
1921
4465
3022
4799
3519
3046
2184
1810
3914
1601
3664
3988
1912
1053
4071
3943
4391
192
955
3035
2293
2514
419
3909
1313
2298
4293
4151
2292
96
4995
3655
3958
2590
87
82
3093
2530
4080
2641
3356
1401
3700
3245
976
457
1746
2779
769
4256
1290
2659
3253
1173
1337
2263
2467
4828
2827
162
3582
1178
1873
2036
556
3801
4086
3843
2187
2379
933
2733
3991
3898
3623
1976
2882
244
4506
4777
4639
809
4685
1542
1965
4547
3091
1977
1876
4603
3662
4379
984
437
1562
1682
595
3001
1827
4441
1989
1138
1384
3329
3020
4440
1882
318
4214
359
3309
4283
3775
1028
3084
2981
236
3705
260
4614
428
2359
50
4618
1581
726
3338
600
2675
3838
1429
1620
2528
337
3890
315
3460
1069
2894
4842
4505
1823
587
141
3331
190
3489
2163
963
4920
4620
2204
3511
729
3097
1400
2762
2277
1242
1371
1284
2642
3649
29
3739
753
3301
4024
808
1445
932
4148
3487
2012
4717
996
1258
4522
1698
2493
4953
232
4656
2813
4134
1372
4420
3931
682
829
1597
3610
4425
2773
1326
3974
3182
1769
384
4709
3483
4693
4172
1248
1671
98
2172
276
2265
1454
890
2958
3561
1054
2414
4161
1287
828
4124
331
460
1750
76
3553
3496
538
3009
2226
1991
2849
3405
800
1548
4344
2270
2384
2432
657
2464
4523
2650
720
1105
3216
2731
3470
2104
2259
4803
4930
4830
1573
409
476
3328
3839
959
4573
4665
2536
618
1592
3732
4077
4929
3938
3528
2636
783
4971
1867
2212
4984
3950
3385
4385
2443
2080
1039
182
2546
2303
4677
2707
3555
2863
371
264
3165
59
3232
3530
3609
3203
107
71
695
3849
2096
703
4884
4660
1961
998
397
1224
1972
4556
2346
284
2170
4351
4003
3286
2002
4535
512
1246
5000
4095
3430
1530
1899
2211
4467
830
1624
4235
2089
1355
4454
675
4601
1164
4299
4509
2023
155
3996
2787
1394
4087
602
960
4757
1692
3268
580
673
3105
584
1222
1585
2768
145
553
3058
4619
3292
1809
1030
4700
514
1593
361
1614
3341
10
4972
2152
1985
4695
2881
3474
2961
166
2832
3290
3646
4918
2606
3100
2437
3072
3552
4846
1241
4160
4879
379
2649
1494
3670
3094
4712
4404
2119
3666
3377
2227
4106
403
1300
4648
4642
4796
4783
4747
2858
2802
3212
1786
467
3872
2130
2576
4100
1808
3117
3138
3414
2463
178
3308
896
3402
2845
3049
429
2260
3092
1570
821
1611
1974
4109
3455
1498
4434
545
4741
293
1615
3038
3488
3315
4686
3978
37
4255
4808
2857
4845
281
4401
1765
3804
3250
770
4015
2438
2667
1846
2468
2949
2272
2007
2147
3607
2415
1550
2143
39
1906
2818
4593
2596
2
4589
110
443
1018
4208
3791
2055
4740
2793
1488
4729
1403
271
4064
66
793
2828
1782
1801
731
217
3920
1629
1785
4807
4497
2164
2713
4916
2232
54
1306
1217
481
2705
2022
3370
2365
4446
2092
3313
1331
2264
3258
304
4616
2604
199
677
4768
4977
3176
352
1324
875
1230
1298
1329
2960
2499
2521
2872
1438
1719
522
4891
41
1455
4682
3821
3940
1096
2430
1939
1660
4002
2309
1713
3748
795
383
4872
1149
762
2541
4167
3970
1003
1988
621
2003
1271
1092
235
2214
4136
2992
1032
4609
949
2558
1759
258
3810
3711
1025
2307
62
2350
3677
3712
844
415
4185
654
3207
1683
2591
80
2137
3230
4308
1471
4877
4135
3316
2870
131
4012
2563
1853
4482
4716
4035
2866
4915
1871
926
119
988
2008
3011
1869
2428
3591
754
2033
1735
3643
562
3492
191
3435
1101
3613
3482
4331
647
1590
4761
4419
4458
2794
1844
3369
930
2593
3172
658
2098
2367
1466
1951
1500
4195
55
4177
1170
3169
4281
2774
2503
3107
2339
2299
1563
4633
3780
4026
2460
3980
725
2951
533
1126
4165
2458
1986
2408
3697
3924
4944
1151
1103
4541
3403
2842
768
1309
3888
3441
1254
3053
2605
3133
401
2071
1971
4646
2747
1148
3989
3037
350
2505
4742
2124
2538
4516
1399
3005
4968
2550
4245
4632
4576
2387
609
354
4045
2082
831
3299
3746
2688
3089
3294
3718
2282
3863
3306
2956
914
2942
1898
4532
3327
4359
1691
1967
807
2475
1677
213
4449
3668
2490
3209
150
2571
1431
2542
3228
2917
1695
4824
2630
4919
2099
3439
1316
1327
1014
2879
500
3374
1361
1269
234
611
1325
490
2764
3627
4333
435
3273
4814
3139
2369
4103
4178
3621
2145
3514
4307
25
4300
3178
2442
4212
4624
4917
1443
1935
4611
633
2019
1625
36
3800
1767
4363
567
4408
2300
4661
4269
4073
3473
3944
1483
3021
4462
2016
4110
1036
302
521
2255
3690
4496
2445
3577
4833
4355
148
4133
656
1310
1356
2983
1669
482
1506
2218
1291
1033
2021
4410
74
2101
3506
1312
841
2115
2757
3682
1026
175
4228
4188
3923
1993
130
495
91
3999
4374
3261
3827
2723
1472
1165
233
4756
1820
2135
918
1351
1278
3709
3904
4735
883
1422
6
912
3284
2612
1319
207
4466
4734
4623
3672
603
1084
4786
1814
2610
4051
4380
1239
4617
1419
1484
1763
1700
1177
3340
1005
2429
2783
3922
746
1795
4252
4878
3986
3526
273
700
915
653
4232
3391
4251
2395
3431
1958
3679
1437
1436
3166
3614
4158
2518
3161
2476
4370
1131
1697
2153
247
3881
3955
4352
1578
3274
966
3143
4965
4383
777
2178
184
4605
666
680
4286
4066
1851
3522
4055
3531
1091
2009
1780
4954
3546
3485
612
224
3939
3579
72
4437
924
1676
1718
4375
4365
1674
4500
1218
1840
3504
498
4701
3361
1887
2241
974
1803
1496
433
4069
4354
4186
1094
3109
4691
3534
335
2393
742
8
704
4907
2884
2100
3518
1252
3713
1952
1406
3101
766
1235
2871
2053
1113
923
2575
3650
2670
1350
2559
3202
787
1279
4348
3045
4744
4431
1476
2244
2988
4099
3170
393
1588
2830
4990
423
2045
619
3721
4491
648
2922
3512
458
1784
4629
4447
4607
3339
2785
2206
939
3695
161
3948
111
2698
4364
4021
3479
1072
4042
608
2890
897
3350
2249
3032
520
4903
417
583
3753
2431
3388
4097
1099
1941
1659
3043
4788
1044
2103
1574
3387
2645
1736
1392
1684
935
3961
3275
3062
1552
4996
4386
3901
3386
1979
810
1722
626
1265
2615
4908
1886
2708
4192
2568
202
3979
3543
3744
28
4881
4126
253
508
2062
1042
1061
1297
1159
2155
3604
298
324
2759
3443
1304
2340
4534
3692
4239
499
2482
2455
2699
3346
1104
2242
3128
2256
4330
73
2824
3823
1966
3225
2427
3762
4198
1732
4236
4711
3131
779
946
1634
3907
77
1874
4219
3434
2519
1709
1829
3809
614
216
241
3269
319
1817
4976
4422
3497
4864
2634
2967
1087
70
18
1000
1721
3946
3855
4613
2955
1156
2188
3409
3691
470
2046
2421
592
3731
699
4806
2005
4115
1442
851
2573
1062
3774
637
985
3510
927
4545
3990
2945
4162
2086
3854
3353
3570
843
3222
2512
1277
2079
622
3569
4309
2991
1367
1045
3186
4030
4105
3459
1569
3669
1582
1364
4327
1938
278
101
2735
3583
2674
4615
2378
4696
4475
123
1766
3799
290
1034
1322
4280
3765
4540
1858
4511
4127
4152
1632
4397
1970
1704
3952
4950
1198
899
696
2219
1855
2825
1238
2851
2091
4398
1878
2347
3969
678
1007
4689
3851
252
2957
3047
568
3860
1515
368
1075
1672
414
2786
527
2324
4129
3195
978
2954
4501
3156
3545
2041
2168
1117
3813
1006
274
893
1932
4237
3891
1805
1470
1960
1885
1936
1528
1077
1095
4641
1137
3061
3663
3816
1737
1477
1555
4429
4207
4328
3384
3010
2357
1127
4503
2580
3566
2385
1984
857
3975
2810
2592
1463
1963
806
2574
1897
3041
3752
4706
3477
