428
1959
1919
1709
1858
1740
1846
114
103
517
1812
69
622
433
722
1231
1422
1986
1798
955
605
1222
1556
1402
658
1780
1539
819
77
63
1008
864
1493
618
1460
1188
1626
932
827
980
1087
1001
386
634
319
26
1771
83
1612
857
212
933
197
1569
838
1733
1910
607
101
1716
544
637
1274
152
104
489
216
633
631
660
717
1585
1144
447
671
879
1518
779
1769
1779
1388
1374
1906
1908
514
695
405
1589
946
1081
1224
1342
1288
228
530
464
1995
1882
1375
39
1785
1346
442
374
507
1618
972
129
1209
982
753
1066
1519
538
1609
492
743
404
744
1952
644
958
927
1461
384
1597
900
542
1175
324
471
759
1967
984
1981
451
429
134
1340
133
1968
795
1545
1977
1687
249
1242
860
755
964
71
1221
518
563
262
1775
465
1183
1592
1729
1895
1966
600
873
1794
162
498
1643
285
1351
1420
1632
46
986
1583
295
1492
1413
1500
1046
5
1859
950
1928
81
1989
1623
1831
1287
372
1019
1755
1913
1101
74
1260
554
935
1148
7
1885
1789
318
44
1718
1939
459
1086
1145
1326
1074
335
1534
960
1364
673
1359
48
342
1690
1922
1850
1911
120
1868
1595
1471
1208
1693
1082
1707
194
240
333
472
1237
1395
149
92
1264
532
45
2
1246
66
1776
165
351
1297
1170
656
198
620
788
1806
807
1486
79
1581
627
888
195
1930
153
1525
221
1044
740
907
1121
496
523
1571
1377
1547
1932
540
321
236
1313
1987
159
213
1431
966
61
460
419
880
884
1847
1684
1631
1654
1020
468
768
1421
1710
296
1176
147
233
920
261
1675
367
121
1173
1838
993
1530
172
861
1061
1150
1052
1899
359
816
30
454
1257
1370
1649
1949
1371
1392
1883
1164
1490
1053
604
918
143
1591
1873
705
1123
602
1197
1138
685
57
702
1563
1625
805
1960
589
160
1133
1254
1225
375
0
1599
831
1663
1606
1361
1682
769
1436
23
1929
1689
796
1731
1975
1366
118
1574
996
312
571
96
1714
1305
1373
265
161
545
1385
1944
483
793
903
1638
150
1836
167
1614
1772
667
1467
1713
1935
444
113
479
1275
783
151
1586
1578
899
1004
1072
824
275
1691
1120
205
1407
430
738
694
1596
187
254
1840
976
258
409
1499
1132
801
1088
611
797
1096
1559
360
1025
1753
1505
484
156
467
1206
78
12
1903
1369
1763
242
804
1128
1803
1824
1644
533
1695
259
1268
453
1207
306
1951
173
1409
426
352
1418
1075
276
1135
186
1386
1
1294
1401
1937
790
1130
1397
651
936
1284
948
1896
184
272
557
402
787
782
928
485
282
445
965
437
1590
902
1854
1115
141
1398
1228
1920
843
211
1660
1624
131
481
264
690
407
1051
773
1942
874
961
1512
1787
1269
223
977
273
1520
126
1259
1863
1924
597
1113
998
1861
1110
1688
446
846
1600
1080
954
373
115
28
1180
67
1864
578
1549
1098
124
1875
1410
975
1760
1904
1205
937
1541
1158
1749
1805
132
829
178
427
1149
293
87
1894
1335
366
271
1737
1641
326
1936
1828
1701
1213
584
1573
403
1616
369
1189
1845
9
196
1416
1362
491
487
1312
662
257
619
559
572
1642
1788
1473
107
65
1306
1811
1077
1757
999
1721
612
688
1210
1136
1670
624
1704
526
33
718
227
931
1155
872
1985
1507
54
674
1784
29
1238
21
1463
60
867
378
8
1171
1956
1900
1116
1851
940
1832
509
1765
968
199
1099
852
1172
1000
1106
1103
682
1517
287
1411
256
244
686
266
1484
385
47
251
1947
1839
603
1276
1862
1992
51
1531
586
1458
1232
1102
1211
522
512
1108
1543
27
144
410
50
1620
461
1673
422
1317
49
1627
1692
475
720
1971
1278
1160
105
97
515
750
1565
1963
1186
389
1615
1948
76
663
1111
91
1195
1068
1941
1893
581
1954
1880
1819
316
640
1810
1092
448
1244
279
1607
1198
456
416
818
916
868
1608
666
1976
1617
106
1365
1802
117
1705
1511
756
1703
1804
163
128
1964
991
595
418
1204
305
704
382
420
1441
1433
1363
1706
1510
1031
1290
138
1538
1218
766
1024
391
639
1514
1293
1179
1428
1226
989
1414
1296
1516
1489
1376
1336
1818
1791
1877
358
1013
1984
525
3
1503
912
1354
18
1965
1050
1280
1835
246
904
1142
42
1212
754
1562
1584
728
1236
1542
1674
355
1343
1159
776
292
317
869
1601
1314
477
1329
865
780
1681
137
1551
1884
1199
155
942
4
504
711
645
88
1702
204
1435
1849
1754
1480
370
952
1524
224
1131
1945
299
719
835
751
576
825
926
1005
969
89
1526
1522
1855
1552
568
767
536
1483
609
1564
681
1550
371
1768
1043
963
1417
709
613
1630
800
230
1799
848
380
1796
323
1697
357
379
1457
524
1938
148
959
225
349
731
1536
1783
646
716
166
1988
565
1747
550
1125
1887
1318
1345
1267
226
1341
1912
1093
1943
1389
1669
653
647
1026
1485
1415
252
466
813
350
1424
1587
480
1813
1182
1817
870
222
413
889
1501
339
833
558
1474
1338
1456
1429
1303
1633
1914
1368
1439
823
573
6
1980
396
859
548
981
449
1826
1475
1786
1167
1265
1030
1464
715
914
876
469
1770
1498
689
43
270
363
826
1127
423
1560
1535
1400
1327
1358
669
277
1997
1241
10
1881
1165
1598
1408
1820
1830
1717
675
1339
772
31
1504
1958
1060
820
1451
1055
1027
1137
278
1725
979
1449
1062
1878
383
325
1778
1566
881
635
1100
354
1495
1320
500
1190
458
983
1621
220
1333
691
68
80
1097
1577
1381
1071
962
1653
1998
269
799
1007
1442
1678
1038
300
1404
1659
462
1040
1867
24
1636
210
1169
502
1372
1843
616
494
1310
1502
832
508
390
398
680
1743
1032
1250
1610
474
764
1594
1299
136
1048
725
1112
84
99
1761
1652
330
1739
441
985
693
733
1049
1247
1645
164
1683
376
1815
1185
513
119
1792
978
1277
815
1163
684
1711
1664
338
778
994
1506
913
145
1580
1950
1482
737
214
434
561
735
490
1357
243
580
575
1496
1444
175
906
845
1011
1527
1399
1153
577
85
1793
346
692
1931
1107
268
1722
934
710
1012
169
863
1872
1344
1890
973
1661
415
1764
450
1651
1308
1570
1084
741
70
1532
752
1735
310
951
1215
452
1445
1476
1823
1235
636
1089
1281
770
443
15
878
1797
1814
713
348
628
203
583
1557
73
1602
1214
1282
1982
1355
747
1331
2000
377
1029
250
696
1300
677
1406
549
614
785
1034
679
1252
179
154
1248
1348
774
585
1446
1302
537
1454
1412
1999
599
1253
1147
314
122
687
569
1243
1548
1258
890
1746
1777
1122
1773
1801
146
598
399
1332
393
52
1003
303
1042
217
248
1978
168
828
344
521
729
1021
1677
566
1426
414
957
322
1553
564
1745
1202
1356
531
1926
516
1263
1325
38
1567
1168
267
1744
130
1466
886
1328
274
1350
896
185
1983
1523
546
411
724
700
424
1957
1465
630
1430
519
1756
853
706
337
1109
1528
1795
1233
632
814
1672
1857
1200
1447
1656
808
1892
302
1394
1696
435
1918
885
608
231
746
1311
102
347
1727
255
1821
1488
587
592
53
1035
298
939
193
893
1073
847
621
1262
1974
90
395
473
1603
1728
1508
1203
971
617
361
836
14
1273
127
590
1860
112
86
1680
493
834
601
457
488
11
181
431
858
1898
650
781
1588
495
182
1738
394
777
1118
41
1808
55
757
941
56
1271
1187
1648
803
1593
206
922
1869
949
1700
798
1018
924
701
657
1973
1291
1639
1162
341
140
1576
1907
1790
1078
1140
1866
866
822
727
1216
539
470
1509
1962
1353
72
661
1833
714
1119
851
543
1058
1016
802
1193
1452
643
856
308
142
1095
668
806
290
1393
353
1470
1014
1319
1396
541
1478
176
311
334
497
1283
1427
329
648
1378
1256
125
1889
397
219
1991
1750
742
1494
340
683
1886
36
917
478
1403
1070
1676
1712
1915
938
1220
100
987
1161
626
844
1002
528
1923
841
1844
1217
1196
189
1472
638
1309
811
1554
215
1637
1083
1239
1152
463
1934
821
1139
1286
1837
625
313
953
761
1059
1698
93
1871
263
1146
1045
1017
247
1955
1874
1497
970
241
830
486
1752
455
760
707
676
765
417
1009
771
642
1151
62
13
1063
921
190
947
629
1781
789
1782
655
499
301
967
1289
1622
723
1194
775
1405
1605
652
901
1423
58
791
1870
883
615
1360
1909
34
1469
1723
905
898
331
1367
345
1091
188
1054
908
281
364
1758
1970
1114
1816
332
748
1219
1961
111
745
1540
664
930
1699
388
1611
1261
1927
923
1479
1384
229
547
665
32
1629
997
1647
1521
1905
925
170
641
1184
786
82
94
849
703
1134
1067
810
1201
1848
320
234
1996
911
343
171
1613
35
1582
239
1321
992
1292
501
1156
1742
1437
1105
1468
736
174
1462
809
570
235
1322
482
535
1174
1628
1129
37
1481
1827
726
1387
1459
534
22
400
739
567
1655
1234
1916
1438
792
721
1477
1315
1665
1579
202
1126
1917
1022
1679
1295
291
336
891
368
1448
988
98
1568
1825
116
392
1301
842
556
552
284
1177
945
1455
974
1853
207
1726
1732
840
1736
560
1575
1604
307
574
1085
749
1033
1245
1751
16
871
1671
1266
1667
794
139
812
110
1994
1487
610
1891
421
1993
1349
1285
1708
260
943
1762
1117
1572
406
877
1748
1076
1865
1453
588
59
1555
1666
1515
1056
1323
1316
654
1879
1766
1759
327
1191
1432
1337
1646
1946
1272
895
1383
1650
1270
1800
1041
245
123
1039
1685
506
1240
294
1178
1972
1544
1902
1724
1251
623
432
732
401
201
855
1223
594
20
551
191
1969
412
555
1897
237
1634
1330
670
288
309
875
1513
1434
177
1334
1933
1036
708
218
200
527
108
944
897
1635
1533
183
158
40
1279
762
283
1546
837
362
1065
1229
698
562
365
1834
839
892
1382
1023
1192
232
408
425
1307
1227
1876
17
1347
1015
995
25
734
579
328
1028
1047
817
1888
135
1925
593
1157
606
1841
882
1720
180
1658
1807
95
929
1561
510
1090
1255
1154
1619
659
784
1856
286
910
505
1443
1079
591
1390
356
1558
440
511
1940
582
1921
1450
1304
192
315
1380
209
1774
758
730
1010
1537
1143
990
1953
1230
238
1529
1734
1298
915
1124
1094
1391
763
909
596
297
1901
1741
1064
253
1640
157
699
1662
520
439
1491
381
1181
1379
862
289
1852
1057
1979
1829
503
1352
19
1425
1069
1657
476
304
1730
1822
1686
850
1767
1141
1719
1668
1419
854
553
1104
894
529
208
1166
956
1715
1006
438
1990
678
1809
1842
712
387
436
649
64
697
1037
1440
887
1324
919
280
1694
109
75
1249
